Stage289 derivation start 2026-08-18T12:44:50.103360+00:00 device=cpu holdout=corpus
  corpus data\_wikitext103_train.txt
  lines: train 7324, eval 3139 (the probe reserves ANCHORS, not lines - see `reserved`)
  word rule matches stage194: True  (rule=ascii, fp=hash, ink=mean)
  hash ink deterministic and digest-faithful: True  {'anagram_cos': -0.0135, 'perm_fixed_points': 1}
  tape: 1500 addresses, 2042 slots | questions {"cons": 672} | params 5633
  node vector 9 wide, matches the body
  ladder coverage: 0/0 lookup questions have all three rungs; the rest train on the task term alone
  probe pack: 2779 reserved addresses (9s to build)
  probe tape: 0 lookup questions, never trained on; 0 graphs cached (1 view(s)/question) in 0s
  probe eval: 0.00s x 4 = 0.0 min added to this run
  step 500/4000 train=-0.2348 probe=nan
  step 1000/4000 train=-0.3008 probe=nan
  step 1500/4000 train=-0.1946 probe=nan
  step 2000/4000 train=-0.2769 probe=nan
  step 2500/4000 train=-0.2538 probe=nan
  step 3000/4000 train=-0.2576 probe=nan
  step 3500/4000 train=-0.3657 probe=nan
  step 4000/4000 train=-0.2226 probe=nan
  CONS {"lenses": 6, "topm": 8, "reach_k": 8, "resolve": "place", "held_out": {"n": 844, "n_beyond_own": 597, "mean_lenses": 2.4123222748815167, "constrain_rate": 0.1966824644549763, "hit_rate": 0.235781990521327, "own_hit_rate": 0.29265402843601895, "answerable": 0.002369668246445498, "present_topm": 0.0071090047393364926, "walk_answerable": 0.24289099526066352, "reads_constraint": 1.0, "reads_walk": 8.0, "beyond_own": {"hit": 0.0, "rare": 0.0, "frequent": 0.0016750418760469012, "decisive": 0.0033500837520938024, "vs_decisive": {"mind_only": 0, "rival_only": 2, "n": 597, "mcnemar_z": -1.414213562373095}, "vs_rare": {"mind_only": 0, "rival_only": 0, "n": 597, "mcnemar_z": NaN}, "vs_walk_rival": {"mind_only": 0, "rival_only": 1, "n": 597, "mcnemar_z": -1.0}}, "chosen_share_when_constrained": 0.12349397590361445}, "train_control": {"n": 596, "n_beyond_own": 463, "mean_lenses": 2.8322147651006713, "constrain_rate": 0.19630872483221476, "hit_rate": 0.12416107382550336, "own_hit_rate": 0.2231543624161074, "answerable": 0.006711409395973154, "present_topm": 0.016778523489932886, "walk_answerable": 0.18456375838926176, "reads_constraint": 1.0, "reads_walk": 8.0, "beyond_own": {"hit": 0.0, "rare": 0.008639308855291577, "frequent": 0.008639308855291577, "decisive": 0.008639308855291577, "vs_decisive": {"mind_only": 0, "rival_only": 4, "n": 463, "mcnemar_z": -2.0}, "vs_rare": {"mind_only": 0, "rival_only": 4, "n": 463, "mcnemar_z": -2.0}, "vs_walk_rival": {"mind_only": 0, "rival_only": 3, "n": 463, "mcnemar_z": -1.7320508075688774}}, "chosen_share_when_constrained": 0.06980056980056981}}
  HELD {"lookup_paired_vs_rival": {"model_only_right": 0, "rival_only_right": 0, "discordant": 0, "mcnemar_z": NaN}, "lookup_paired_vs_rival_cos": {"n": 0, "model_only_right": 0, "rival_only_right": 0, "discordant": 0, "mcnemar_z": NaN, "max_achievable_z": 0.0, "underpowered": true}, "lookup_paired_vs_rival_cos_by_margin": {"median_margin": NaN, "low_margin": {"n": 0, "model_only_right": 0, "rival_only_right": 0, "discordant": 0, "mcnemar_z": NaN, "max_achievable_z": 0.0, "underpowered": true}, "high_margin": {"n": 0, "model_only_right": 0, "rival_only_right": 0, "discordant": 0, "mcnemar_z": NaN, "max_achievable_z": 0.0, "underpowered": true}}, "ladder": {"n_questions": 0, "pairs": 0, "concordant": 0, "ties_excluded": 0, "import_budget_zero_rate": 0.0, "import_budget_mean": 0.0, "concordance": NaN, "z_vs_half": NaN, "mean_phi": {"true": NaN, "near": NaN, "middle": NaN, "far": NaN}}, "exact_mismatches": 0, "confusion": {}, "_mixed": [], "_reach": [], "_pair": [], "_cons": [[0, 1, 5, 0, 1, 0, -1, 0, 0, 0, 1, 0.0, 0, 1, 0], [0, 1, 5, 0, 1, 0, -1, 0, 0, 0, 1, 0.0, 0, 1, 0], [0, 0, 4, 0, 0, 0, -1, 0, 0, 0, 0, 0.0, 0, 1, 0], [0, 0, 4, 0, 0, 0, -1, 0, 0, 0, 0, 0.0, 0, 0, 0], [0, 0, 4, 1, 0, 1, 2, 0, 0, 0, 0, 0.0, 0, 0, 0], [0, 0, 4, 0, 0, 0, -1, 0, 0, 0, 0, 0.0, 0, 0, 0], [0, 1, 3, 0, 1, 0, -1, 0, 0, 0, 0, 0.0, 0, 0, 0], [0, 1, 3, 0, 1, 0, -1, 0, 0, 0, 0, 0.0, 0, 0, 0], [0, 0, 2, 0, 0, 0, -1, 0, 0, 0, 0, 0.0, 0, 0, 0], [0, 0, 2, 0, 0, 0, -1, 0, 0, 0, 0, 0.0, 0, 0, 0], [0, 0, 3, 0, 0, 0, -1, 0, 0, 0, 0, 0.0, 0, 0, 0], [0, 1, 4, 0, 0, 0, -1, 0, 0, 0, 0, 0.0, 0, 1, 1], [0, 0, 3, 1, 0, 1, 0, 0, 0, 0, 0, 0.0, 0, 0, 0], [0, 1, 4, 0, 0, 0, -1, 0, 0, 0, 0, 0.0, 0, 1, 1], [0, 0, 3, 0, 0, 0, -1, 0, 0, 0, 0, 0.0, 0, 0, 0], [0, 0, 6, 0, 0, 0, -1, 0, 0, 0, 0, 0.0, 0, 0, 0], [0, 0, 6, 0, 0, 0, -1, 0, 0, 0, 0, 0.0, 0, 0, 0], [0, 1, 6, 0, 0, 0, -1, 0, 0, 0, 0, 0.0, 0, 1, 0], [0, 0, 6, 0, 0, 0, -1, 0, 0, 0, 0, 0.0, 0, 0, 0], [0, 1, 6, 0, 0, 0, -1, 0, 0, 0, 0, 0.0, 0, 1, 0], [0, 0, 6, 0, 0, 0, -1, 0, 0, 0, 0, 0.0, 0, 0, 0], [0, 0, 6, 0, 0, 0, -1, 0, 0, 0, 0, 0.0, 0, 0, 0], [0, 0, 6, 0, 0, 0, -1, 0, 0, 0, 0, 0.0, 0, 0, 0], [0, 0, 6, 0, 0, 0, -1, 0, 0, 0, 0, 0.0, 0, 0, 0], [0, 0, 6, 0, 0, 0, -1, 0, 0, 0, 0, 0.0, 0, 0, 0], [0, 0, 6, 0, 0, 0, -1, 0, 0, 0, 0, 0.0, 0, 0, 0], [0, 0, 6, 0, 0, 0, -1, 0, 0, 0, 0, 0.0, 0, 0, 0], [0, 0, 6, 0, 0, 0, -1, 0, 0, 0, 0, 0.0, 0, 0, 0], [0, 0, 6, 0, 0, 0, -1, 0, 0, 0, 0, 0.0, 0, 0, 0], [0, 0, 6, 0, 0, 0, -1, 0, 0, 0, 0, 0.0, 0, 0, 0], [0, 0, 6, 0, 0, 0, -1, 0, 0, 0, 0, 0.0, 0, 0, 0], [0, 0, 6, 0, 0, 0, -1, 0, 0, 0, 0, 0.0, 0, 0, 0], [0, 1, 6, 0, 0, 0, -1, 0, 0, 0, 0, 0.0, 0, 1, 0], [0, 0, 6, 0, 0, 0, -1, 0, 0, 0, 0, 0.0, 0, 0, 0], [0, 0, 6, 0, 0, 0, -1, 0, 0, 0, 0, 0.0, 0, 0, 0], [0, 0, 6, 0, 0, 0, -1, 0, 0, 0, 0, 0.0, 0, 0, 0], [0, 0, 6, 0, 0, 0, -1, 0, 0, 0, 0, 0.0, 0, 0, 0], [0, 0, 6, 0, 0, 0, -1, 0, 0, 0, 0, 0.0, 0, 0, 0], [0, 0, 6, 0, 0, 0, -1, 0, 0, 0, 0, 0.0, 0, 0, 0], [0, 0, 6, 0, 0, 0, -1, 0, 0, 0, 0, 0.0, 0, 0, 0], [0, 0, 6, 0, 0, 0, -1, 0, 0, 0, 0, 0.0, 0, 0, 0], [0, 0, 6, 0, 0, 0, -1, 0, 0, 0, 0, 0.0, 0, 0, 0], [0, 0, 6, 0, 0, 0, -1, 0, 0, 0, 0, 0.0, 0, 0, 0], [0, 0, 6, 0, 0, 0, -1, 0, 0, 0, 0, 0.0, 0, 0, 0], [0, 0, 6, 0, 0, 0, -1, 0, 0, 0, 0, 0.0, 0, 0, 0], [0, 0, 6, 0, 0, 0, -1, 0, 0, 0, 0, 0.0, 0, 0, 0], [0, 0, 6, 0, 0, 0, -1, 0, 0, 0, 0, 0.0, 0, 0, 0], [0, 0, 6, 0, 0, 0, -1, 0, 0, 0, 0, 0.0, 0, 0, 0], [0, 0, 6, 0, 0, 0, -1, 0, 0, 0, 0, 0.0, 0, 0, 0], [0, 0, 6, 0, 0, 0, -1, 0, 0, 0, 0, 0.0, 0, 0, 0], [0, 1, 2, 0, 1, 0, -1, 0, 0, 0, 0, 0.0, 0, 0, 0], [0, 1, 2, 0, 1, 0, -1, 0, 0, 0, 0, 0.0, 0, 0, 0], [0, 0, 1, 0, 0, 0, -1, 0, 0, 0, 0, 0.0, 0, 0, 0], [0, 1, 3, 0, 1, 0, -1, 0, 0, 0, 0, 0.0, 0, 0, 0], [0, 1, 3, 0, 1, 0, -1, 0, 0, 0, 0, 0.0, 0, 0, 0], [0, 1, 3, 0, 1, 0, -1, 0, 0, 0, 0, 0.0, 0, 0, 0], [0, 1, 3, 0, 1, 0, -1, 0, 0, 0, 0, 0.0, 0, 0, 0], [0, 1, 3, 0, 1, 0, -1, 0, 0, 0, 0, 0.0, 0, 0, 0], [0, 0, 2, 1, 0, 1, 1, 0, 0, 0, 0, 0.0, 0, 0, 0], [0, 0, 2, 0, 0, 0, -1, 0, 0, 0, 0, 0.0, 0, 0, 0], [0, 0, 1, 0, 0, 0, -1, 0, 0, 0, 0, 0.0, 0, 1, 0], [0, 0, 1, 1, 0, 1, 0, 0, 0, 0, 0, 0.0, 0, 0, 0], [0, 0, 1, 1, 0, 1, 0, 0, 0, 0, 0, 0.0, 0, 0, 0], [0, 0, 1, 1, 0, 1, 0, 0, 0, 0, 0, 0.0, 0, 0, 0], [0, 0, 1, 0, 0, 0, -1, 0, 0, 0, 0, 0.0, 0, 0, 0], [0, 0, 1, 1, 0, 1, 0, 0, 0, 0, 0, 0.0, 0, 0, 0], [0, 0, 1, 0, 0, 0, -1, 0, 0, 0, 0, 0.0, 0, 0, 0], [0, 0, 1, 0, 0, 0, -1, 0, 0, 0, 0, 0.0, 0, 0, 0], [0, 0, 2, 0, 0, 0, -1, 0, 0, 0, 0, 0.0, 0, 0, 0], [0, 0, 2, 0, 0, 0, -1, 0, 0, 0, 0, 0.0, 0, 0, 0], [0, 0, 2, 0, 0, 0, -1, 0, 0, 0, 0, 0.0, 0, 0, 0], [0, 0, 2, 0, 0, 0, -1, 0, 0, 0, 0, 0.0, 0, 0, 0], [0, 0, 2, 0, 0, 0, -1, 0, 0, 0, 0, 0.0, 0, 0, 0], [0, 0, 2, 0, 0, 0, -1, 0, 0, 0, 0, 0.0, 0, 0, 0], [0, 0, 1, 0, 0, 0, -1, 0, 0, 0, 0, 0.0, 0, 0, 0], [0, 0, 1, 0, 0, 1, 0, 0, 0, 0, 0, 1.0, 1, 0, 0], [0, 1, 1, 0, 1, 0, -1, 0, 0, 0, 0, 0.0, 0, 1, 1], [0, 1, 1, 0, 1, 0, -1, 0, 0, 0, 0, 0.0, 0, 1, 1], [0, 1, 1, 0, 1, 0, -1, 0, 0, 0, 0, 0.0, 0, 1, 1], [0, 1, 1, 0, 1, 0, -1, 0, 0, 0, 0, 0.0, 0, 1, 1], [0, 1, 1, 0, 1, 0, -1, 0, 0, 0, 0, 0.0, 0, 1, 1], [0, 1, 1, 0, 1, 0, -1, 0, 0, 0, 0, 0.0, 0, 0, 0], [0, 1, 1, 0, 1, 0, -1, 0, 0, 0, 0, 0.0, 0, 0, 0], [0, 1, 1, 0, 1, 0, -1, 0, 0, 0, 0, 0.0, 0, 1, 1], [0, 1, 1, 0, 1, 0, -1, 0, 0, 0, 0, 0.0, 0, 1, 1], [0, 1, 1, 0, 1, 0, -1, 0, 0, 0, 0, 0.0, 0, 0, 0], [0, 1, 1, 0, 1, 0, -1, 0, 0, 0, 0, 0.0, 0, 0, 0], [0, 1, 1, 0, 1, 0, -1, 0, 0, 0, 0, 0.0, 0, 1, 1], [0, 1, 1, 0, 1, 0, -1, 0, 0, 0, 0, 0.0, 0, 1, 1], [0, 1, 1, 0, 1, 0, -1, 0, 0, 0, 0, 0.0, 0, 1, 1], [0, 1, 1, 0, 1, 0, -1, 0, 0, 0, 0, 0.0, 0, 1, 1], [0, 1, 1, 1, 0, 1, 0, 0, 0, 0, 0, 0.0, 0, 1, 1], [0, 1, 1, 1, 0, 1, 0, 0, 0, 0, 0, 0.0, 0, 1, 1], [0, 1, 1, 0, 1, 0, -1, 0, 0, 0, 0, 0.0, 0, 1, 1], [0, 1, 1, 0, 1, 0, -1, 0, 0, 0, 0, 0.0, 0, 1, 1], [0, 1, 1, 0, 1, 0, -1, 0, 0, 0, 0, 0.0, 0, 1, 1], [0, 1, 1, 0, 1, 0, -1, 0, 0, 0, 0, 0.0, 0, 1, 1], [0, 1, 1, 0, 1, 0, -1, 0, 0, 0, 0, 0.0, 0, 0, 0], [0, 1, 1, 0, 1, 0, -1, 0, 0, 0, 0, 0.0, 0, 0, 0], [0, 1, 1, 0, 1, 0, -1, 0, 0, 0, 0, 0.0, 0, 0, 0], [0, 1, 1, 0, 1, 0, -1, 0, 0, 0, 0, 0.0, 0, 0, 0], [0, 1, 1, 0, 1, 0, -1, 0, 0, 0, 0, 0.0, 0, 0, 0], [0, 1, 1, 0, 1, 0, -1, 0, 0, 0, 0, 0.0, 0, 0, 0], [0, 1, 1, 0, 1, 0, -1, 0, 0, 0, 0, 0.0, 0, 0, 0], [0, 1, 1, 0, 1, 0, -1, 0, 0, 0, 0, 0.0, 0, 0, 0], [0, 1, 1, 0, 1, 0, -1, 0, 0, 0, 0, 0.0, 0, 1, 1], [0, 1, 1, 0, 1, 0, -1, 0, 0, 0, 0, 0.0, 0, 1, 1], [0, 1, 1, 0, 1, 0, -1, 0, 0, 0, 0, 0.0, 0, 1, 1], [0, 1, 1, 0, 1, 0, -1, 0, 0, 0, 0, 0.0, 0, 1, 1], [0, 1, 1, 0, 1, 0, -1, 0, 0, 0, 0, 0.0, 0, 0, 0], [0, 1, 1, 0, 1, 0, -1, 0, 0, 0, 0, 0.0, 0, 0, 0], [0, 1, 1, 0, 1, 0, -1, 0, 0, 0, 0, 0.0, 0, 1, 1], [0, 1, 1, 0, 1, 0, -1, 0, 0, 0, 0, 0.0, 0, 1, 1], [0, 1, 1, 0, 1, 0, -1, 0, 0, 0, 0, 0.0, 0, 0, 0], [0, 1, 1, 0, 1, 0, -1, 0, 0, 0, 0, 0.0, 0, 0, 0], [0, 1, 1, 0, 1, 0, -1, 0, 0, 0, 0, 0.0, 0, 1, 1], [0, 1, 1, 0, 1, 0, -1, 0, 0, 0, 0, 0.0, 0, 1, 1], [0, 1, 1, 0, 1, 0, -1, 0, 0, 0, 0, 0.0, 0, 1, 1], [0, 1, 1, 0, 1, 0, -1, 0, 0, 0, 0, 0.0, 0, 1, 1], [0, 1, 1, 0, 1, 0, -1, 0, 0, 0, 0, 0.0, 0, 1, 0], [0, 1, 1, 0, 1, 0, -1, 0, 0, 0, 0, 0.0, 0, 1, 0], [0, 1, 1, 0, 1, 0, -1, 0, 0, 0, 0, 0.0, 0, 1, 1], [0, 1, 1, 0, 1, 0, -1, 0, 0, 0, 0, 0.0, 0, 1, 1], [0, 1, 1, 0, 1, 0, -1, 0, 0, 0, 0, 0.0, 0, 1, 1], [0, 1, 1, 0, 1, 0, -1, 0, 0, 0, 0, 0.0, 0, 1, 1], [0, 1, 1, 0, 1, 0, -1, 0, 0, 0, 0, 0.0, 0, 1, 1], [0, 1, 1, 0, 1, 0, -1, 0, 0, 0, 0, 0.0, 0, 1, 1], [0, 1, 1, 0, 1, 0, -1, 0, 0, 0, 0, 0.0, 0, 1, 1], [0, 1, 1, 0, 1, 0, -1, 0, 0, 0, 0, 0.0, 0, 1, 1], [0, 1, 1, 0, 1, 0, -1, 0, 0, 0, 0, 0.0, 0, 1, 1], [0, 1, 1, 0, 1, 0, -1, 0, 0, 0, 0, 0.0, 0, 1, 1], [0, 1, 1, 0, 1, 0, -1, 0, 0, 0, 0, 0.0, 0, 0, 0], [0, 1, 1, 0, 1, 0, -1, 0, 0, 0, 0, 0.0, 0, 0, 0], [0, 1, 1, 0, 1, 0, -1, 0, 0, 0, 0, 0.0, 0, 0, 0], [0, 1, 1, 1, 0, 1, 0, 0, 0, 0, 0, 0.0, 0, 1, 1], [0, 1, 1, 1, 0, 1, 0, 0, 0, 0, 0, 0.0, 0, 1, 1], [0, 1, 1, 0, 1, 0, -1, 0, 0, 0, 0, 0.0, 0, 1, 1], [0, 1, 1, 0, 1, 0, -1, 0, 0, 0, 0, 0.0, 0, 1, 1], [0, 1, 1, 0, 1, 0, -1, 0, 0, 0, 0, 0.0, 0, 1, 1], [0, 1, 1, 0, 1, 0, -1, 0, 0, 0, 0, 0.0, 0, 1, 1], [0, 1, 1, 0, 1, 0, -1, 0, 0, 0, 0, 0.0, 0, 1, 1], [0, 1, 1, 0, 1, 0, -1, 0, 0, 0, 0, 0.0, 0, 1, 1], [0, 1, 1, 0, 1, 0, -1, 0, 0, 0, 0, 0.0, 0, 1, 1], [0, 1, 1, 0, 1, 0, -1, 0, 0, 0, 0, 0.0, 0, 1, 1], [0, 1, 1, 0, 1, 0, -1, 0, 0, 0, 0, 0.0, 0, 1, 1], [0, 1, 1, 0, 1, 0, -1, 0, 0, 0, 0, 0.0, 0, 1, 1], [0, 1, 1, 0, 1, 0, -1, 0, 0, 0, 0, 0.0, 0, 1, 1], [0, 1, 1, 0, 1, 0, -1, 0, 0, 0, 0, 0.0, 0, 1, 1], [0, 1, 1, 0, 1, 0, -1, 0, 0, 0, 0, 0.0, 0, 1, 1], [0, 1, 1, 0, 1, 0, -1, 0, 0, 0, 0, 0.0, 0, 1, 1], [0, 1, 1, 0, 1, 0, -1, 0, 0, 0, 0, 0.0, 0, 0, 0], [0, 1, 1, 0, 1, 0, -1, 0, 0, 0, 0, 0.0, 0, 0, 0], [0, 1, 1, 0, 1, 0, -1, 0, 0, 0, 0, 0.0, 0, 1, 1], [0, 1, 1, 0, 1, 0, -1, 0, 0, 0, 0, 0.0, 0, 1, 1], [0, 1, 1, 0, 1, 0, -1, 0, 0, 0, 0, 0.0, 0, 1, 1], [0, 1, 1, 0, 1, 0, -1, 0, 0, 0, 0, 0.0, 0, 1, 1], [0, 1, 1, 0, 1, 0, -1, 0, 0, 0, 0, 0.0, 0, 1, 1], [0, 1, 1, 0, 1, 0, -1, 0, 0, 0, 0, 0.0, 0, 1, 1], [0, 1, 1, 0, 1, 0, -1, 0, 0, 0, 0, 0.0, 0, 1, 1], [0, 1, 1, 0, 1, 0, -1, 0, 0, 0, 0, 0.0, 0, 1, 1], [0, 1, 1, 0, 1, 0, -1, 0, 0, 0, 0, 0.0, 0, 1, 1], [0, 1, 1, 0, 1, 0, -1, 0, 0, 0, 0, 0.0, 0, 1, 1], [0, 1, 1, 0, 1, 0, -1, 0, 0, 0, 0, 0.0, 0, 1, 1], [0, 1, 1, 0, 1, 0, -1, 0, 0, 0, 0, 0.0, 0, 1, 1], [0, 1, 1, 0, 1, 0, -1, 0, 0, 0, 0, 0.0, 0, 0, 0], [0, 1, 1, 0, 1, 0, -1, 0, 0, 0, 0, 0.0, 0, 0, 0], [0, 1, 1, 0, 1, 0, -1, 0, 0, 0, 0, 0.0, 0, 0, 0], [0, 1, 1, 0, 1, 0, -1, 0, 0, 0, 0, 0.0, 0, 0, 0], [0, 1, 1, 0, 1, 0, -1, 0, 0, 0, 0, 0.0, 0, 1, 1], [0, 1, 1, 0, 1, 0, -1, 0, 0, 0, 0, 0.0, 0, 1, 1], [0, 1, 1, 0, 1, 0, -1, 0, 0, 0, 0, 0.0, 0, 1, 1], [0, 1, 1, 0, 1, 0, -1, 0, 0, 0, 0, 0.0, 0, 1, 1], [0, 1, 1, 0, 1, 0, -1, 0, 0, 0, 0, 0.0, 0, 1, 1], [0, 1, 1, 0, 1, 0, -1, 0, 0, 0, 0, 0.0, 0, 1, 1], [0, 1, 1, 0, 1, 0, -1, 0, 0, 0, 0, 0.0, 0, 0, 0], [0, 1, 1, 0, 1, 0, -1, 0, 0, 0, 0, 0.0, 0, 0, 0], [0, 1, 1, 0, 1, 0, -1, 0, 0, 0, 0, 0.0, 0, 1, 1], [0, 1, 1, 0, 1, 0, -1, 0, 0, 0, 0, 0.0, 0, 1, 1], [0, 1, 1, 0, 1, 0, -1, 0, 0, 0, 0, 0.0, 0, 1, 1], [0, 1, 1, 0, 1, 0, -1, 0, 0, 0, 0, 0.0, 0, 1, 1], [0, 1, 1, 0, 1, 0, -1, 0, 0, 0, 0, 0.0, 0, 1, 1], [0, 1, 1, 0, 1, 0, -1, 0, 0, 0, 0, 0.0, 0, 1, 1], [0, 1, 1, 0, 1, 0, -1, 0, 0, 0, 0, 0.0, 0, 1, 1], [0, 1, 1, 0, 1, 0, -1, 0, 0, 0, 0, 0.0, 0, 1, 1], [0, 1, 1, 0, 0, 1, 0, 0, 0, 0, 0, 0.3333333333333333, 3, 1, 1], [0, 1, 1, 0, 0, 1, 0, 0, 0, 0, 0, 0.3333333333333333, 3, 1, 1], [0, 1, 1, 0, 0, 1, 0, 0, 0, 0, 0, 0.3333333333333333, 3, 1, 1], [0, 1, 1, 0, 1, 0, -1, 0, 0, 0, 0, 0.0, 0, 0, 0], [0, 1, 1, 0, 1, 0, -1, 0, 0, 0, 0, 0.0, 0, 0, 0], [0, 1, 1, 0, 1, 0, -1, 0, 0, 0, 0, 0.0, 0, 1, 1], [0, 1, 1, 0, 1, 0, -1, 0, 0, 0, 0, 0.0, 0, 1, 1], [0, 1, 1, 0, 1, 0, -1, 0, 0, 0, 0, 0.0, 0, 1, 1], [0, 1, 1, 0, 1, 0, -1, 0, 0, 0, 0, 0.0, 0, 1, 1], [0, 1, 1, 0, 1, 0, -1, 0, 0, 0, 0, 0.0, 0, 1, 1], [0, 1, 1, 0, 1, 0, -1, 0, 0, 0, 0, 0.0, 0, 1, 1], [0, 1, 1, 0, 1, 0, -1, 0, 0, 0, 0, 0.0, 0, 1, 1], [0, 1, 1, 0, 1, 0, -1, 0, 0, 0, 0, 0.0, 0, 1, 1], [0, 1, 1, 0, 1, 0, -1, 0, 0, 0, 0, 0.0, 0, 1, 1], [0, 1, 1, 0, 1, 0, -1, 0, 0, 0, 0, 0.0, 0, 1, 1], [0, 1, 1, 0, 1, 0, -1, 0, 0, 0, 0, 0.0, 0, 1, 1], [0, 1, 1, 0, 1, 0, -1, 0, 0, 0, 0, 0.0, 0, 1, 0], [0, 1, 1, 0, 1, 0, -1, 0, 0, 0, 0, 0.0, 0, 1, 0], [0, 1, 1, 0, 1, 0, -1, 0, 0, 0, 0, 0.0, 0, 0, 0], [0, 1, 1, 0, 1, 0, -1, 0, 0, 0, 0, 0.0, 0, 0, 0], [0, 1, 1, 0, 1, 0, -1, 0, 0, 0, 0, 0.0, 0, 0, 0], [0, 1, 1, 0, 1, 0, -1, 0, 0, 0, 0, 0.0, 0, 0, 0], [0, 1, 1, 0, 1, 0, -1, 0, 0, 0, 0, 0.0, 0, 0, 0], [0, 1, 1, 0, 1, 0, -1, 0, 0, 0, 0, 0.0, 0, 0, 0], [0, 1, 1, 0, 1, 0, -1, 0, 0, 0, 0, 0.0, 0, 1, 1], [0, 1, 1, 0, 1, 0, -1, 0, 0, 0, 0, 0.0, 0, 1, 1], [0, 1, 1, 0, 1, 0, -1, 0, 0, 0, 0, 0.0, 0, 1, 1], [0, 1, 1, 0, 1, 0, -1, 0, 0, 0, 0, 0.0, 0, 0, 0], [0, 1, 1, 0, 1, 0, -1, 0, 0, 0, 0, 0.0, 0, 0, 0], [0, 1, 1, 0, 1, 0, -1, 0, 0, 0, 0, 0.0, 0, 1, 1], [0, 1, 1, 0, 1, 0, -1, 0, 0, 0, 0, 0.0, 0, 1, 1], [0, 1, 1, 0, 1, 0, -1, 0, 0, 0, 0, 0.0, 0, 1, 1], [0, 1, 1, 0, 1, 0, -1, 0, 0, 0, 0, 0.0, 0, 1, 1], [0, 1, 1, 0, 1, 0, -1, 0, 0, 0, 0, 0.0, 0, 0, 0], [0, 1, 1, 0, 1, 0, -1, 0, 0, 0, 0, 0.0, 0, 0, 0], [0, 1, 1, 0, 1, 0, -1, 0, 0, 0, 0, 0.0, 0, 1, 1], [0, 1, 1, 0, 1, 0, -1, 0, 0, 0, 0, 0.0, 0, 1, 1], [0, 1, 1, 0, 1, 0, -1, 0, 0, 0, 0, 0.0, 0, 1, 1], [0, 1, 1, 0, 1, 0, -1, 0, 0, 0, 0, 0.0, 0, 1, 1], [0, 1, 1, 0, 1, 0, -1, 0, 0, 0, 0, 0.0, 0, 1, 1], [0, 1, 1, 0, 1, 0, -1, 0, 0, 0, 0, 0.0, 0, 1, 1], [0, 1, 1, 0, 1, 0, -1, 0, 0, 0, 0, 0.0, 0, 1, 1], [0, 1, 1, 1, 0, 1, 0, 0, 0, 0, 0, 0.0, 0, 1, 1], [0, 1, 1, 1, 0, 1, 0, 0, 0, 0, 0, 0.0, 0, 1, 1], [0, 1, 1, 0, 1, 0, -1, 0, 0, 0, 0, 0.0, 0, 1, 1], [0, 1, 1, 0, 1, 0, -1, 0, 0, 0, 0, 0.0, 0, 1, 1], [0, 1, 1, 0, 1, 0, -1, 0, 0, 0, 0, 0.0, 0, 1, 1], [0, 1, 1, 0, 1, 0, -1, 0, 0, 0, 0, 0.0, 0, 1, 1], [0, 1, 1, 0, 1, 0, -1, 0, 0, 0, 0, 0.0, 0, 0, 0], [0, 1, 1, 0, 1, 0, -1, 0, 0, 0, 0, 0.0, 0, 0, 0], [0, 1, 1, 0, 1, 0, -1, 0, 0, 0, 0, 0.0, 0, 1, 1], [0, 1, 1, 0, 1, 0, -1, 0, 0, 0, 0, 0.0, 0, 1, 1], [0, 1, 1, 0, 1, 0, -1, 0, 0, 0, 0, 0.0, 0, 1, 1], [0, 1, 1, 0, 1, 0, -1, 0, 0, 0, 0, 0.0, 0, 1, 1], [0, 1, 1, 0, 1, 0, -1, 0, 0, 0, 0, 0.0, 0, 1, 1], [0, 1, 1, 0, 1, 0, -1, 0, 0, 0, 0, 0.0, 0, 1, 1], [0, 1, 1, 0, 1, 0, -1, 0, 0, 0, 0, 0.0, 0, 1, 1], [0, 1, 1, 0, 1, 0, -1, 0, 0, 0, 0, 0.0, 0, 1, 1], [0, 1, 1, 0, 1, 0, -1, 0, 0, 0, 0, 0.0, 0, 0, 0], [0, 1, 1, 0, 1, 0, -1, 0, 0, 0, 0, 0.0, 0, 0, 0], [0, 1, 1, 0, 1, 0, -1, 0, 0, 0, 0, 0.0, 0, 0, 0], [0, 1, 1, 0, 1, 0, -1, 0, 0, 0, 0, 0.0, 0, 0, 0], [0, 1, 1, 0, 1, 0, -1, 0, 0, 0, 0, 0.0, 0, 0, 0], [0, 1, 1, 0, 1, 0, -1, 0, 0, 0, 0, 0.0, 0, 0, 0], [0, 1, 1, 0, 1, 0, -1, 0, 0, 0, 0, 0.0, 0, 1, 1], [0, 1, 1, 0, 1, 0, -1, 0, 0, 0, 0, 0.0, 0, 1, 1], [0, 1, 1, 0, 1, 0, -1, 0, 0, 0, 0, 0.0, 0, 1, 1], [0, 1, 1, 0, 1, 0, -1, 0, 0, 0, 0, 0.0, 0, 1, 1], [0, 1, 1, 0, 1, 0, -1, 0, 0, 0, 0, 0.0, 0, 1, 1], [0, 1, 1, 0, 1, 0, -1, 0, 0, 0, 0, 0.0, 0, 1, 1], [0, 1, 1, 0, 1, 0, -1, 0, 0, 0, 0, 0.0, 0, 1, 1], [0, 1, 1, 0, 1, 0, -1, 0, 0, 0, 0, 0.0, 0, 1, 1], [0, 1, 1, 0, 1, 0, -1, 0, 0, 0, 0, 0.0, 0, 1, 1], [0, 1, 1, 0, 1, 0, -1, 0, 0, 0, 0, 0.0, 0, 1, 1], [0, 1, 1, 0, 1, 0, -1, 0, 0, 0, 0, 0.0, 0, 0, 0], [0, 1, 1, 0, 1, 0, -1, 0, 0, 0, 0, 0.0, 0, 0, 0], [0, 1, 1, 1, 0, 1, 0, 0, 0, 0, 0, 0.0, 0, 1, 1], [0, 1, 1, 1, 0, 1, 0, 0, 0, 0, 0, 0.0, 0, 1, 1], [0, 1, 1, 1, 0, 1, 0, 0, 0, 0, 0, 0.0, 0, 1, 1], [0, 1, 1, 1, 0, 1, 0, 0, 0, 0, 0, 0.0, 0, 1, 1], [0, 1, 1, 1, 0, 1, 0, 0, 0, 0, 0, 0.0, 0, 1, 1], [0, 1, 1, 0, 1, 0, -1, 0, 0, 0, 0, 0.0, 0, 1, 1], [0, 1, 1, 0, 1, 0, -1, 0, 0, 0, 0, 0.0, 0, 1, 1], [0, 1, 1, 0, 1, 0, -1, 0, 0, 0, 0, 0.0, 0, 0, 0], [0, 1, 1, 0, 1, 0, -1, 0, 0, 0, 0, 0.0, 0, 0, 0], [0, 1, 1, 0, 1, 0, -1, 0, 0, 0, 0, 0.0, 0, 0, 0], [0, 1, 1, 0, 1, 0, -1, 0, 0, 0, 0, 0.0, 0, 0, 0], [0, 1, 1, 0, 1, 0, -1, 0, 0, 0, 0, 0.0, 0, 1, 1], [0, 1, 1, 0, 1, 0, -1, 0, 0, 0, 0, 0.0, 0, 1, 1], [0, 1, 1, 0, 1, 0, -1, 0, 0, 0, 0, 0.0, 0, 1, 1], [0, 1, 1, 0, 1, 0, -1, 0, 0, 0, 0, 0.0, 0, 1, 1], [0, 0, 4, 0, 0, 0, -1, 0, 0, 0, 1, 0.0, 0, 1, 0], [0, 1, 5, 0, 0, 0, -1, 0, 0, 0, 0, 0.0, 0, 0, 0], [0, 1, 5, 0, 0, 0, -1, 0, 0, 0, 0, 0.0, 0, 0, 0], [0, 0, 4, 0, 0, 0, -1, 0, 0, 0, 0, 0.0, 0, 1, 0], [0, 0, 4, 0, 0, 0, -1, 0, 0, 0, 0, 0.0, 0, 0, 0], [0, 0, 4, 0, 0, 0, -1, 0, 0, 0, 0, 0.0, 0, 0, 0], [0, 0, 1, 0, 0, 1, 0, 0, 0, 0, 0, 1.0, 1, 1, 0], [0, 1, 2, 0, 0, 1, 1, 0, 0, 0, 0, 1.0, 1, 1, 0], [0, 1, 2, 0, 0, 1, 1, 0, 0, 0, 0, 1.0, 1, 1, 0], [0, 1, 2, 0, 1, 0, -1, 0, 0, 0, 0, 0.0, 0, 1, 1], [0, 1, 2, 0, 1, 0, -1, 0, 0, 0, 0, 0.0, 0, 1, 1], [0, 0, 1, 1, 0, 1, 0, 0, 0, 0, 0, 0.0, 0, 0, 0], [0, 1, 3, 0, 0, 0, -1, 0, 0, 0, 0, 0.0, 0, 1, 1], [0, 0, 2, 1, 0, 1, 1, 0, 0, 0, 0, 0.0, 0, 0, 0], [0, 0, 2, 0, 0, 0, -1, 0, 0, 0, 0, 0.0, 0, 0, 0], [0, 1, 3, 0, 1, 0, -1, 0, 0, 0, 0, 0.0, 0, 1, 1], [0, 0, 6, 0, 0, 0, -1, 0, 0, 0, 0, 0.0, 0, 1, 0], [0, 0, 6, 0, 0, 0, -1, 0, 0, 0, 0, 0.0, 0, 0, 0], [0, 0, 6, 0, 0, 0, -1, 0, 0, 0, 0, 0.0, 0, 0, 0], [0, 0, 6, 0, 0, 0, -1, 0, 0, 0, 0, 0.0, 0, 0, 0], [0, 1, 6, 0, 0, 0, -1, 0, 0, 0, 0, 0.0, 0, 1, 1], [0, 1, 6, 0, 0, 0, -1, 0, 0, 0, 0, 0.0, 0, 1, 1], [0, 0, 6, 0, 0, 0, -1, 0, 0, 0, 0, 0.0, 0, 0, 0], [0, 0, 6, 0, 0, 0, -1, 0, 0, 0, 0, 0.0, 0, 0, 0], [0, 1, 6, 0, 0, 0, -1, 0, 0, 0, 0, 0.0, 0, 1, 1], [0, 0, 6, 0, 0, 0, -1, 0, 0, 0, 0, 0.0, 0, 0, 0], [0, 0, 6, 0, 0, 0, -1, 0, 0, 0, 0, 0.0, 0, 0, 0], [0, 0, 6, 0, 0, 0, -1, 0, 0, 0, 0, 0.0, 0, 0, 0], [0, 0, 6, 0, 0, 0, -1, 0, 0, 0, 0, 0.0, 0, 0, 0], [0, 0, 6, 0, 0, 0, -1, 0, 0, 0, 0, 0.0, 0, 0, 0], [0, 0, 6, 0, 0, 0, -1, 0, 0, 0, 1, 0.0, 0, 0, 0], [0, 0, 6, 0, 0, 0, -1, 0, 0, 0, 0, 0.0, 0, 0, 0], [0, 0, 6, 0, 0, 0, -1, 0, 0, 0, 0, 0.0, 0, 0, 0], [1, 0, 6, 0, 0, 0, -1, 0, 0, 1, 1, 0.0, 0, 0, 0], [0, 0, 6, 0, 0, 0, -1, 0, 0, 0, 0, 0.0, 0, 0, 0], [0, 0, 6, 0, 0, 0, -1, 0, 0, 0, 0, 0.0, 0, 0, 0], [0, 0, 6, 0, 0, 0, -1, 0, 0, 0, 0, 0.0, 0, 0, 0], [0, 1, 6, 0, 0, 0, -1, 0, 0, 0, 0, 0.0, 0, 0, 0], [0, 1, 6, 0, 0, 0, -1, 0, 0, 0, 0, 0.0, 0, 0, 0], [0, 1, 2, 1, 0, 1, 0, 0, 0, 0, 0, 0.0, 0, 1, 1], [0, 1, 2, 1, 0, 1, 0, 0, 0, 0, 0, 0.0, 0, 1, 1], [0, 0, 1, 1, 0, 1, 0, 0, 0, 0, 0, 0.0, 0, 0, 0], [0, 0, 6, 0, 0, 0, -1, 0, 0, 0, 0, 0.0, 0, 0, 0], [0, 0, 6, 0, 0, 0, -1, 0, 0, 0, 0, 0.0, 0, 0, 0], [0, 0, 6, 0, 0, 0, -1, 0, 0, 0, 0, 0.0, 0, 0, 0], [0, 0, 6, 0, 0, 0, -1, 0, 0, 0, 0, 0.0, 0, 0, 0], [0, 0, 6, 0, 0, 0, -1, 0, 0, 0, 0, 0.0, 0, 0, 0], [0, 0, 6, 0, 0, 0, -1, 0, 0, 0, 0, 0.0, 0, 0, 0], [0, 1, 6, 0, 0, 0, -1, 0, 0, 0, 0, 0.0, 0, 0, 0], [0, 1, 6, 0, 0, 0, -1, 0, 0, 0, 0, 0.0, 0, 0, 0], [0, 0, 6, 0, 0, 0, -1, 0, 0, 0, 0, 0.0, 0, 0, 0], [0, 0, 6, 0, 0, 0, -1, 0, 0, 0, 0, 0.0, 0, 0, 0], [0, 0, 6, 0, 0, 0, -1, 0, 0, 0, 0, 0.0, 0, 0, 0], [0, 0, 6, 0, 0, 0, -1, 0, 0, 0, 0, 0.0, 0, 0, 0], [0, 0, 6, 0, 0, 0, -1, 0, 0, 0, 0, 0.0, 0, 0, 0], [0, 0, 1, 1, 0, 1, 0, 0, 0, 0, 0, 0.0, 0, 0, 0], [0, 1, 2, 1, 0, 1, 0, 0, 0, 0, 0, 0.0, 0, 1, 0], [0, 1, 2, 1, 0, 1, 0, 0, 0, 0, 0, 0.0, 0, 1, 0], [0, 0, 6, 0, 0, 0, -1, 0, 0, 0, 0, 0.0, 0, 0, 0], [0, 1, 6, 0, 0, 0, -1, 0, 0, 0, 0, 0.0, 0, 1, 0], [0, 1, 6, 0, 0, 0, -1, 0, 0, 0, 0, 0.0, 0, 1, 0], [0, 0, 6, 0, 0, 0, -1, 0, 0, 0, 0, 0.0, 0, 0, 0], [0, 0, 6, 0, 0, 0, -1, 0, 0, 0, 0, 0.0, 0, 0, 0], [0, 1, 6, 0, 0, 0, -1, 0, 0, 0, 0, 0.0, 0, 0, 0], [0, 1, 6, 0, 0, 0, -1, 0, 0, 0, 0, 0.0, 0, 0, 0], [0, 1, 6, 0, 0, 0, -1, 0, 0, 0, 0, 0.0, 0, 0, 0], [0, 0, 6, 0, 0, 0, -1, 0, 0, 0, 0, 0.0, 0, 0, 0], [0, 0, 6, 0, 0, 0, -1, 0, 0, 0, 0, 0.0, 0, 0, 0], [0, 0, 6, 0, 0, 0, -1, 0, 0, 0, 0, 0.0, 0, 0, 0], [0, 0, 6, 0, 0, 0, -1, 0, 0, 0, 0, 0.0, 0, 0, 0], [0, 0, 6, 0, 0, 0, -1, 0, 0, 0, 0, 0.0, 0, 0, 0], [0, 0, 4, 0, 0, 0, -1, 0, 0, 0, 0, 0.0, 0, 0, 0], [0, 0, 4, 0, 0, 0, -1, 0, 0, 0, 0, 0.0, 0, 0, 0], [0, 1, 5, 0, 0, 0, -1, 0, 0, 0, 0, 0.0, 0, 1, 1], [0, 0, 4, 0, 0, 0, -1, 0, 0, 0, 0, 0.0, 0, 0, 0], [0, 0, 4, 0, 0, 0, -1, 0, 0, 0, 0, 0.0, 0, 0, 0], [0, 1, 5, 0, 0, 0, -1, 0, 0, 0, 0, 0.0, 0, 1, 1], [0, 0, 6, 0, 0, 0, -1, 0, 0, 0, 0, 0.0, 0, 0, 0], [0, 0, 6, 0, 0, 0, -1, 0, 0, 0, 0, 0.0, 0, 0, 0], [0, 1, 6, 0, 0, 0, -1, 0, 0, 0, 0, 0.0, 0, 0, 0], [0, 0, 6, 0, 0, 0, -1, 0, 0, 0, 0, 0.0, 0, 0, 0], [0, 1, 6, 0, 0, 0, -1, 0, 0, 0, 0, 0.0, 0, 0, 0], [0, 0, 6, 0, 0, 0, -1, 0, 0, 0, 0, 0.0, 0, 0, 0], [0, 0, 6, 0, 0, 0, -1, 0, 0, 0, 0, 0.0, 0, 0, 0], [0, 0, 6, 0, 0, 0, -1, 0, 0, 0, 0, 0.0, 0, 0, 0], [0, 0, 1, 0, 0, 0, -1, 0, 0, 0, 0, 0.0, 0, 0, 0], [0, 0, 1, 0, 0, 0, -1, 0, 0, 0, 0, 0.0, 0, 0, 0], [0, 0, 1, 0, 0, 0, -1, 0, 0, 0, 0, 0.0, 0, 0, 0], [0, 0, 1, 0, 0, 0, -1, 0, 0, 0, 0, 0.0, 0, 0, 0], [0, 0, 2, 0, 0, 0, -1, 0, 0, 0, 0, 0.0, 0, 0, 0], [0, 0, 2, 0, 0, 0, -1, 0, 0, 0, 0, 0.0, 0, 0, 0], [0, 0, 2, 0, 0, 0, -1, 0, 0, 0, 0, 0.0, 0, 0, 0], [0, 0, 1, 1, 0, 1, 0, 0, 0, 0, 0, 0.0, 0, 0, 0], [0, 0, 1, 1, 0, 1, 0, 0, 0, 0, 0, 0.0, 0, 0, 0], [0, 0, 1, 0, 0, 0, -1, 0, 0, 0, 0, 0.0, 0, 0, 0], [0, 0, 1, 0, 0, 0, -1, 0, 0, 0, 0, 0.0, 0, 0, 0], [0, 0, 1, 0, 0, 0, -1, 0, 0, 0, 0, 0.0, 0, 0, 0], [0, 0, 1, 0, 0, 0, -1, 0, 0, 0, 0, 0.0, 0, 0, 0], [0, 0, 2, 0, 0, 0, -1, 0, 0, 0, 0, 0.0, 0, 0, 0], [0, 0, 2, 0, 0, 0, -1, 0, 0, 0, 0, 0.0, 0, 0, 0], [0, 0, 2, 0, 0, 0, -1, 0, 0, 0, 0, 0.0, 0, 0, 0], [0, 0, 1, 0, 0, 0, -1, 0, 0, 0, 0, 0.0, 0, 0, 0], [0, 0, 1, 0, 0, 0, -1, 0, 0, 0, 0, 0.0, 0, 0, 0], [0, 0, 1, 1, 0, 1, 0, 0, 0, 0, 0, 0.0, 0, 0, 0], [0, 0, 1, 1, 0, 1, 0, 0, 0, 0, 0, 0.0, 0, 1, 0], [0, 0, 2, 0, 0, 0, -1, 0, 0, 0, 0, 0.0, 0, 0, 0], [0, 0, 2, 0, 0, 0, -1, 0, 0, 0, 0, 0.0, 0, 0, 0], [0, 0, 2, 0, 0, 0, -1, 0, 0, 0, 0, 0.0, 0, 0, 0], [0, 0, 1, 0, 0, 0, -1, 0, 0, 0, 0, 0.0, 0, 0, 0], [0, 0, 1, 0, 0, 0, -1, 0, 0, 0, 0, 0.0, 0, 0, 0], [0, 0, 1, 0, 0, 0, -1, 0, 0, 0, 0, 0.0, 0, 0, 0], [0, 0, 1, 1, 0, 1, 0, 0, 0, 0, 0, 0.0, 0, 0, 0], [0, 0, 1, 1, 0, 1, 0, 0, 0, 0, 0, 0.0, 0, 0, 0], [0, 0, 1, 1, 0, 1, 0, 0, 0, 0, 0, 0.0, 0, 0, 0], [0, 0, 1, 1, 0, 1, 0, 0, 0, 0, 0, 0.0, 0, 1, 0], [0, 0, 1, 1, 0, 1, 0, 0, 0, 0, 0, 0.0, 0, 1, 0], [0, 0, 1, 1, 0, 1, 0, 0, 0, 0, 0, 0.0, 0, 1, 0], [0, 0, 1, 1, 0, 1, 0, 0, 0, 0, 0, 0.0, 0, 1, 0], [0, 0, 1, 1, 0, 1, 0, 0, 0, 0, 0, 0.0, 0, 1, 0], [0, 0, 1, 1, 0, 1, 0, 0, 0, 0, 0, 0.0, 0, 1, 0], [0, 0, 2, 1, 0, 1, 0, 0, 0, 0, 0, 0.0, 0, 0, 0], [0, 0, 2, 1, 0, 1, 0, 0, 0, 0, 0, 0.0, 0, 0, 0], [0, 0, 2, 1, 0, 1, 0, 0, 0, 0, 0, 0.0, 0, 0, 0], [0, 0, 1, 0, 0, 0, -1, 0, 0, 0, 0, 0.0, 0, 0, 0], [0, 0, 1, 0, 0, 0, -1, 0, 0, 0, 0, 0.0, 0, 0, 0], [0, 0, 1, 1, 0, 1, 0, 0, 0, 0, 0, 0.0, 0, 0, 0], [0, 0, 1, 1, 0, 1, 0, 0, 0, 0, 0, 0.0, 0, 0, 0], [0, 0, 2, 0, 0, 0, -1, 0, 0, 0, 0, 0.0, 0, 0, 0], [0, 0, 2, 0, 0, 0, -1, 0, 0, 0, 0, 0.0, 0, 0, 0], [0, 0, 2, 0, 0, 0, -1, 0, 0, 0, 0, 0.0, 0, 0, 0], [0, 0, 2, 0, 0, 0, -1, 0, 0, 0, 0, 0.0, 0, 0, 0], [0, 0, 2, 1, 0, 1, 1, 0, 0, 0, 0, 0.0, 0, 0, 0], [0, 0, 2, 0, 0, 0, -1, 0, 0, 0, 0, 0.0, 0, 1, 0], [0, 0, 1, 0, 0, 0, -1, 0, 0, 0, 0, 0.0, 0, 0, 0], [0, 0, 1, 1, 0, 1, 0, 0, 0, 0, 0, 0.0, 0, 0, 0], [0, 0, 1, 0, 0, 0, -1, 0, 0, 0, 0, 0.0, 0, 0, 0], [0, 0, 1, 0, 0, 0, -1, 0, 0, 0, 0, 0.0, 0, 0, 0], [0, 0, 1, 1, 0, 1, 0, 0, 0, 0, 0, 0.0, 0, 0, 0], [0, 0, 1, 0, 0, 1, 0, 0, 0, 0, 0, 1.0, 2, 0, 0], [0, 0, 2, 0, 0, 0, -1, 0, 0, 0, 0, 0.0, 0, 0, 0], [0, 0, 2, 0, 0, 1, 0, 0, 0, 0, 0, 1.0, 1, 0, 0], [0, 0, 2, 0, 0, 0, -1, 0, 0, 0, 0, 0.0, 0, 0, 0], [0, 0, 1, 0, 0, 0, -1, 0, 0, 0, 0, 0.0, 0, 0, 0], [0, 0, 1, 0, 0, 0, -1, 0, 0, 0, 0, 0.0, 0, 0, 0], [0, 0, 1, 0, 0, 0, -1, 0, 0, 0, 0, 0.0, 0, 0, 0], [0, 0, 1, 0, 0, 0, -1, 0, 0, 0, 0, 0.0, 0, 0, 0], [0, 0, 2, 0, 0, 0, -1, 0, 0, 0, 0, 0.0, 0, 0, 0], [0, 0, 2, 0, 0, 0, -1, 0, 0, 0, 0, 0.0, 0, 1, 1], [0, 0, 2, 0, 0, 0, -1, 0, 0, 0, 0, 0.0, 0, 0, 0], [0, 0, 3, 0, 0, 0, -1, 0, 0, 0, 0, 0.0, 0, 0, 0], [0, 0, 3, 0, 0, 0, -1, 0, 0, 0, 0, 0.0, 0, 0, 0], [0, 0, 3, 0, 0, 0, -1, 0, 0, 0, 0, 0.0, 0, 0, 0], [0, 0, 3, 0, 0, 0, -1, 0, 0, 0, 0, 0.0, 0, 0, 0], [0, 0, 1, 0, 0, 0, -1, 0, 0, 0, 0, 0.0, 0, 0, 0], [0, 0, 1, 0, 0, 0, -1, 0, 0, 0, 0, 0.0, 0, 0, 0], [0, 0, 1, 0, 0, 0, -1, 0, 0, 0, 0, 0.0, 0, 0, 0], [0, 0, 1, 0, 0, 0, -1, 0, 0, 0, 0, 0.0, 0, 0, 0], [0, 0, 6, 0, 0, 0, -1, 0, 0, 0, 0, 0.0, 0, 0, 0], [0, 0, 6, 0, 0, 0, -1, 0, 0, 0, 0, 0.0, 0, 0, 0], [0, 0, 6, 0, 0, 0, -1, 0, 0, 0, 0, 0.0, 0, 0, 0], [0, 0, 6, 0, 0, 0, -1, 0, 0, 0, 0, 0.0, 0, 0, 0], [0, 0, 6, 0, 0, 0, -1, 0, 0, 0, 0, 0.0, 0, 0, 0], [0, 0, 6, 0, 0, 0, -1, 0, 0, 0, 0, 0.0, 0, 0, 0], [0, 0, 6, 0, 0, 0, -1, 0, 0, 0, 0, 0.0, 0, 0, 0], [0, 0, 1, 0, 0, 1, 0, 0, 0, 0, 0, 1.0, 1, 0, 0], [0, 0, 1, 1, 0, 1, 0, 0, 0, 0, 0, 0.0, 0, 0, 0], [0, 0, 1, 0, 0, 1, 0, 0, 0, 0, 0, 1.0, 1, 0, 0], [0, 0, 1, 0, 0, 0, -1, 0, 0, 0, 0, 0.0, 0, 0, 0], [0, 0, 1, 0, 0, 0, -1, 0, 0, 0, 0, 0.0, 0, 0, 0], [0, 0, 1, 0, 0, 0, -1, 0, 0, 0, 0, 0.0, 0, 0, 0], [0, 0, 1, 1, 0, 1, 0, 0, 0, 0, 0, 0.0, 0, 0, 0], [0, 0, 1, 0, 0, 0, -1, 0, 0, 0, 0, 0.0, 0, 0, 0], [0, 0, 1, 0, 0, 0, -1, 0, 0, 0, 0, 0.0, 0, 0, 0], [0, 0, 1, 0, 0, 0, -1, 0, 0, 0, 0, 0.0, 0, 0, 0], [0, 0, 1, 1, 0, 1, 0, 0, 0, 0, 0, 0.0, 0, 0, 0], [0, 0, 1, 0, 0, 0, -1, 0, 0, 0, 0, 0.0, 0, 0, 0], [0, 0, 1, 1, 0, 1, 0, 0, 0, 0, 0, 0.0, 0, 1, 0], [0, 0, 1, 0, 0, 1, 0, 0, 0, 0, 0, 1.0, 1, 1, 0], [0, 0, 1, 1, 0, 1, 0, 0, 0, 0, 0, 0.0, 0, 0, 0], [0, 0, 1, 1, 0, 1, 0, 0, 0, 0, 0, 0.0, 0, 0, 0], [0, 0, 1, 1, 0, 1, 0, 0, 0, 0, 0, 0.0, 0, 1, 0], [0, 0, 1, 1, 0, 1, 0, 0, 0, 0, 0, 0.0, 0, 1, 0], [0, 0, 2, 0, 0, 0, -1, 0, 0, 0, 0, 0.0, 0, 0, 0], [0, 0, 2, 0, 0, 0, -1, 0, 0, 0, 0, 0.0, 0, 0, 0], [0, 0, 2, 0, 0, 0, -1, 0, 0, 0, 0, 0.0, 0, 0, 0], [0, 0, 6, 0, 0, 0, -1, 0, 0, 0, 0, 0.0, 0, 0, 0], [0, 0, 6, 0, 0, 0, -1, 0, 0, 0, 0, 0.0, 0, 0, 0], [0, 0, 6, 0, 0, 0, -1, 0, 0, 0, 0, 0.0, 0, 0, 0], [0, 0, 6, 0, 0, 0, -1, 0, 0, 0, 0, 0.0, 0, 0, 0], [0, 0, 6, 0, 0, 0, -1, 0, 0, 0, 0, 0.0, 0, 0, 0], [0, 0, 6, 0, 0, 0, -1, 0, 0, 0, 0, 0.0, 0, 0, 0], [0, 0, 6, 0, 0, 0, -1, 0, 0, 0, 0, 0.0, 0, 0, 0], [0, 0, 1, 1, 0, 1, 0, 0, 0, 0, 0, 0.0, 0, 0, 0], [0, 0, 1, 0, 0, 0, -1, 0, 0, 0, 0, 0.0, 0, 0, 0], [0, 0, 1, 0, 0, 0, -1, 0, 0, 0, 0, 0.0, 0, 0, 0], [0, 0, 1, 0, 0, 0, -1, 0, 0, 0, 0, 0.0, 0, 0, 0], [0, 0, 1, 0, 0, 0, -1, 0, 0, 0, 0, 0.0, 0, 0, 0], [0, 0, 1, 0, 0, 0, -1, 0, 0, 0, 0, 0.0, 0, 0, 0], [0, 0, 6, 0, 0, 0, -1, 0, 0, 0, 0, 0.0, 0, 0, 0], [0, 0, 6, 0, 0, 0, -1, 0, 0, 0, 0, 0.0, 0, 0, 0], [0, 0, 6, 0, 0, 0, -1, 0, 0, 0, 0, 0.0, 0, 0, 0], [0, 0, 6, 0, 0, 0, -1, 0, 0, 0, 0, 0.0, 0, 0, 0], [0, 0, 6, 0, 0, 0, -1, 0, 0, 0, 0, 0.0, 0, 0, 0], [0, 0, 6, 0, 0, 0, -1, 0, 0, 0, 0, 0.0, 0, 0, 0], [0, 0, 6, 0, 0, 0, -1, 0, 0, 0, 0, 0.0, 0, 0, 0], [0, 0, 1, 1, 0, 1, 0, 0, 0, 0, 0, 0.0, 0, 0, 0], [0, 0, 1, 1, 0, 1, 0, 0, 0, 0, 0, 0.0, 0, 0, 0], [0, 0, 1, 1, 0, 1, 0, 0, 0, 0, 0, 0.0, 0, 0, 0], [0, 0, 1, 1, 0, 1, 0, 0, 0, 0, 0, 0.0, 0, 0, 0], [0, 0, 1, 1, 0, 1, 0, 0, 0, 0, 0, 0.0, 0, 0, 0], [0, 0, 1, 1, 0, 1, 0, 0, 0, 0, 0, 0.0, 0, 0, 0], [0, 0, 1, 0, 0, 0, -1, 0, 0, 0, 0, 0.0, 0, 0, 0], [0, 0, 1, 0, 0, 0, -1, 0, 0, 0, 0, 0.0, 0, 0, 0], [0, 0, 6, 0, 0, 0, -1, 0, 0, 0, 0, 0.0, 0, 0, 0], [0, 0, 6, 0, 0, 0, -1, 0, 0, 0, 0, 0.0, 0, 0, 0], [0, 0, 6, 0, 0, 0, -1, 0, 0, 0, 0, 0.0, 0, 0, 0], [0, 0, 6, 0, 0, 0, -1, 0, 0, 0, 0, 0.0, 0, 1, 0], [1, 0, 6, 0, 0, 0, -1, 0, 1, 1, 1, 0.0, 0, 1, 0], [0, 0, 6, 0, 0, 0, -1, 0, 0, 0, 0, 0.0, 0, 0, 0], [0, 0, 6, 0, 0, 0, -1, 0, 0, 0, 0, 0.0, 0, 0, 0], [0, 0, 6, 0, 0, 0, -1, 0, 0, 0, 0, 0.0, 0, 0, 0], [0, 0, 1, 1, 0, 1, 0, 0, 0, 0, 0, 0.0, 0, 0, 0], [0, 0, 1, 0, 0, 0, -1, 0, 0, 0, 0, 0.0, 0, 0, 0], [0, 0, 1, 0, 0, 0, -1, 0, 0, 0, 0, 0.0, 0, 0, 0], [0, 0, 1, 0, 0, 0, -1, 0, 0, 0, 0, 0.0, 0, 0, 0], [0, 0, 1, 0, 0, 0, -1, 0, 0, 0, 0, 0.0, 0, 0, 0], [0, 0, 1, 0, 0, 1, 0, 0, 0, 0, 0, 1.0, 1, 0, 0], [0, 0, 1, 0, 0, 0, -1, 0, 0, 0, 0, 0.0, 0, 0, 0], [0, 0, 1, 0, 0, 0, -1, 0, 0, 0, 0, 0.0, 0, 0, 0], [0, 0, 1, 0, 0, 1, 0, 0, 0, 0, 0, 1.0, 1, 0, 0], [0, 0, 1, 0, 0, 0, -1, 0, 0, 0, 0, 0.0, 0, 0, 0], [0, 0, 1, 0, 0, 0, -1, 0, 0, 0, 0, 0.0, 0, 0, 0], [0, 0, 1, 1, 0, 1, 0, 0, 0, 0, 0, 0.0, 0, 0, 0], [0, 0, 1, 0, 0, 1, 0, 0, 0, 0, 0, 1.0, 1, 0, 0], [0, 0, 1, 1, 0, 1, 0, 0, 0, 0, 0, 0.0, 0, 0, 0], [0, 0, 1, 0, 0, 0, -1, 0, 0, 0, 0, 0.0, 0, 0, 0], [0, 0, 1, 1, 0, 1, 0, 0, 0, 0, 0, 0.0, 0, 0, 0], [0, 0, 1, 1, 0, 1, 0, 0, 0, 0, 0, 0.0, 0, 0, 0], [0, 0, 1, 0, 0, 0, -1, 0, 0, 0, 0, 0.0, 0, 0, 0], [0, 0, 1, 1, 0, 1, 0, 0, 0, 0, 0, 0.0, 0, 0, 0], [0, 0, 1, 1, 0, 1, 0, 0, 0, 0, 0, 0.0, 0, 0, 0], [0, 0, 1, 0, 0, 0, -1, 0, 0, 0, 0, 0.0, 0, 0, 0], [0, 0, 1, 0, 0, 0, -1, 0, 0, 0, 0, 0.0, 0, 0, 0], [0, 0, 1, 1, 0, 1, 0, 0, 0, 0, 0, 0.0, 0, 0, 0], [0, 0, 1, 1, 0, 1, 0, 0, 0, 0, 0, 0.0, 0, 0, 0], [0, 0, 1, 1, 0, 1, 0, 0, 0, 0, 0, 0.0, 0, 0, 0], [0, 0, 1, 1, 0, 1, 0, 0, 0, 0, 0, 0.0, 0, 0, 0], [0, 0, 1, 1, 0, 1, 0, 0, 0, 0, 0, 0.0, 0, 0, 0], [0, 0, 1, 1, 0, 1, 0, 0, 0, 0, 0, 0.0, 0, 0, 0], [0, 0, 1, 0, 0, 0, -1, 0, 0, 0, 0, 0.0, 0, 0, 0], [0, 0, 1, 1, 0, 1, 0, 0, 0, 0, 0, 0.0, 0, 0, 0], [0, 0, 4, 0, 0, 0, -1, 0, 0, 0, 0, 0.0, 0, 0, 0], [0, 0, 4, 0, 0, 0, -1, 0, 0, 0, 0, 0.0, 0, 0, 0], [0, 0, 4, 0, 0, 0, -1, 0, 0, 0, 0, 0.0, 0, 0, 0], [0, 0, 4, 0, 0, 0, -1, 0, 0, 0, 0, 0.0, 0, 0, 0], [0, 0, 4, 0, 0, 0, -1, 0, 0, 0, 0, 0.0, 0, 0, 0], [0, 0, 1, 0, 0, 0, -1, 0, 0, 0, 0, 0.0, 0, 0, 0], [0, 0, 1, 1, 0, 1, 0, 0, 0, 0, 0, 0.0, 0, 0, 0], [0, 0, 1, 1, 0, 1, 0, 0, 0, 0, 0, 0.0, 0, 1, 0], [0, 0, 1, 1, 0, 1, 0, 0, 0, 0, 0, 0.0, 0, 0, 0], [0, 0, 1, 1, 0, 1, 0, 0, 0, 0, 0, 0.0, 0, 0, 0], [0, 0, 1, 1, 0, 1, 0, 0, 0, 0, 0, 0.0, 0, 0, 0], [0, 0, 1, 1, 0, 1, 0, 0, 0, 0, 0, 0.0, 0, 0, 0], [0, 0, 1, 0, 0, 0, -1, 0, 0, 0, 0, 0.0, 0, 0, 0], [0, 0, 2, 0, 0, 0, -1, 0, 0, 0, 0, 0.0, 0, 0, 0], [0, 0, 2, 0, 0, 0, -1, 0, 0, 0, 0, 0.0, 0, 0, 0], [0, 0, 2, 0, 0, 0, -1, 0, 0, 0, 0, 0.0, 0, 0, 0], [0, 0, 1, 0, 0, 0, -1, 0, 0, 0, 0, 0.0, 0, 0, 0], [0, 0, 1, 0, 0, 0, -1, 0, 0, 0, 0, 0.0, 0, 0, 0], [0, 0, 1, 0, 0, 0, -1, 0, 0, 0, 0, 0.0, 0, 0, 0], [0, 0, 1, 0, 0, 0, -1, 0, 0, 0, 0, 0.0, 0, 0, 0], [0, 0, 1, 1, 0, 1, 0, 0, 0, 0, 0, 0.0, 0, 0, 0], [0, 0, 1, 0, 0, 0, -1, 0, 0, 0, 0, 0.0, 0, 0, 0], [0, 0, 1, 1, 0, 1, 0, 0, 0, 0, 0, 0.0, 0, 0, 0], [0, 0, 1, 1, 0, 1, 0, 0, 0, 0, 0, 0.0, 0, 0, 0], [0, 0, 6, 0, 0, 0, -1, 0, 0, 0, 0, 0.0, 0, 0, 0], [0, 0, 6, 0, 0, 0, -1, 0, 0, 0, 0, 0.0, 0, 0, 0], [0, 0, 6, 0, 0, 0, -1, 0, 0, 0, 0, 0.0, 0, 0, 0], [0, 0, 6, 0, 0, 0, -1, 0, 0, 0, 0, 0.0, 0, 0, 0], [0, 0, 6, 0, 0, 0, -1, 0, 0, 0, 0, 0.0, 0, 0, 0], [0, 0, 6, 0, 0, 0, -1, 0, 0, 0, 0, 0.0, 0, 0, 0], [0, 0, 6, 0, 0, 0, -1, 0, 0, 0, 0, 0.0, 0, 0, 0], [0, 0, 6, 0, 0, 0, -1, 0, 0, 0, 0, 0.0, 0, 0, 0], [0, 0, 6, 0, 0, 0, -1, 0, 0, 0, 0, 0.0, 0, 0, 0], [0, 0, 6, 0, 0, 0, -1, 0, 0, 0, 0, 0.0, 0, 0, 0], [0, 0, 6, 0, 0, 0, -1, 0, 0, 0, 0, 0.0, 0, 0, 0], [0, 0, 6, 0, 0, 0, -1, 0, 0, 0, 0, 0.0, 0, 0, 0], [0, 0, 6, 0, 0, 0, -1, 0, 0, 0, 0, 0.0, 0, 0, 0], [0, 0, 6, 0, 0, 0, -1, 0, 0, 0, 0, 0.0, 0, 0, 0], [0, 0, 1, 0, 0, 0, -1, 0, 0, 0, 0, 0.0, 0, 0, 0], [0, 0, 1, 0, 0, 0, -1, 0, 0, 0, 0, 0.0, 0, 0, 0], [0, 0, 1, 0, 0, 0, -1, 0, 0, 0, 0, 0.0, 0, 0, 0], [0, 0, 1, 0, 0, 0, -1, 0, 0, 0, 0, 0.0, 0, 0, 0], [0, 0, 1, 0, 0, 0, -1, 0, 0, 0, 0, 0.0, 0, 0, 0], [0, 0, 1, 0, 0, 0, -1, 0, 0, 0, 0, 0.0, 0, 0, 0], [0, 0, 1, 0, 0, 0, -1, 0, 0, 0, 0, 0.0, 0, 0, 0], [0, 0, 1, 0, 0, 0, -1, 0, 0, 0, 0, 0.0, 0, 0, 0], [0, 0, 1, 0, 0, 0, -1, 0, 0, 0, 0, 0.0, 0, 0, 0], [0, 0, 1, 1, 0, 1, 0, 0, 0, 0, 0, 0.0, 0, 0, 0], [0, 0, 1, 0, 0, 0, -1, 0, 0, 0, 0, 0.0, 0, 0, 0], [0, 0, 1, 0, 0, 0, -1, 0, 0, 0, 0, 0.0, 0, 0, 0], [0, 0, 2, 0, 0, 0, -1, 0, 0, 0, 0, 0.0, 0, 0, 0], [0, 0, 2, 0, 0, 0, -1, 0, 0, 0, 0, 0.0, 0, 0, 0], [0, 0, 2, 0, 0, 0, -1, 0, 0, 0, 0, 0.0, 0, 0, 0], [0, 0, 1, 0, 0, 1, 0, 0, 0, 0, 0, 1.0, 1, 0, 0], [0, 0, 1, 1, 0, 1, 0, 0, 0, 0, 0, 0.0, 0, 0, 0], [0, 0, 1, 0, 0, 1, 0, 0, 0, 0, 0, 1.0, 1, 0, 0], [0, 0, 1, 1, 0, 1, 0, 0, 0, 0, 0, 0.0, 0, 0, 0], [0, 0, 1, 0, 0, 0, -1, 0, 0, 0, 0, 0.0, 0, 0, 0], [0, 0, 1, 1, 0, 1, 0, 0, 0, 0, 0, 0.0, 0, 0, 0], [0, 0, 1, 0, 0, 0, -1, 0, 0, 0, 0, 0.0, 0, 0, 0], [0, 0, 1, 1, 0, 1, 0, 0, 0, 0, 0, 0.0, 0, 0, 0], [0, 0, 6, 0, 0, 0, -1, 0, 0, 0, 0, 0.0, 0, 0, 0], [0, 0, 6, 0, 0, 0, -1, 0, 0, 0, 0, 0.0, 0, 1, 0], [0, 0, 6, 0, 0, 0, -1, 0, 0, 0, 0, 0.0, 0, 1, 0], [0, 0, 6, 0, 0, 0, -1, 0, 0, 0, 0, 0.0, 0, 0, 0], [0, 0, 6, 0, 0, 0, -1, 0, 0, 0, 0, 0.0, 0, 0, 0], [0, 0, 6, 0, 0, 0, -1, 0, 0, 0, 0, 0.0, 0, 0, 0], [0, 0, 6, 0, 0, 0, -1, 0, 0, 0, 0, 0.0, 0, 0, 0], [0, 0, 1, 0, 0, 0, -1, 0, 0, 0, 0, 0.0, 0, 0, 0], [0, 0, 1, 1, 0, 1, 0, 0, 0, 0, 0, 0.0, 0, 0, 0], [0, 0, 3, 0, 0, 0, -1, 0, 0, 0, 0, 0.0, 0, 0, 0], [0, 0, 3, 0, 0, 0, -1, 0, 0, 0, 0, 0.0, 0, 0, 0], [0, 0, 3, 0, 0, 0, -1, 0, 0, 0, 0, 0.0, 0, 0, 0], [0, 0, 3, 0, 0, 0, -1, 0, 0, 0, 0, 0.0, 0, 0, 0], [0, 0, 1, 1, 0, 1, 0, 0, 0, 0, 0, 0.0, 0, 0, 0], [0, 0, 1, 1, 0, 1, 0, 0, 0, 0, 0, 0.0, 0, 0, 0], [0, 0, 1, 0, 0, 0, -1, 0, 0, 0, 0, 0.0, 0, 0, 0], [0, 0, 1, 0, 0, 0, -1, 0, 0, 0, 0, 0.0, 0, 0, 0], [0, 0, 1, 0, 0, 0, -1, 0, 0, 0, 0, 0.0, 0, 0, 0], [0, 0, 1, 1, 0, 1, 0, 0, 0, 0, 0, 0.0, 0, 0, 0], [0, 0, 1, 0, 0, 0, -1, 0, 0, 0, 0, 0.0, 0, 0, 0], [0, 0, 1, 0, 0, 0, -1, 0, 0, 0, 0, 0.0, 0, 0, 0], [0, 0, 1, 0, 0, 1, 0, 0, 0, 0, 0, 1.0, 1, 0, 0], [0, 0, 1, 0, 0, 0, -1, 0, 0, 0, 0, 0.0, 0, 1, 0], [0, 0, 1, 0, 0, 0, -1, 0, 0, 0, 0, 0.0, 0, 0, 0], [0, 0, 1, 0, 0, 0, -1, 0, 0, 0, 0, 0.0, 0, 0, 0], [0, 0, 2, 0, 0, 0, -1, 0, 0, 0, 0, 0.0, 0, 0, 0], [0, 0, 2, 1, 0, 1, 0, 0, 0, 0, 0, 0.0, 0, 0, 0], [0, 0, 2, 0, 0, 0, -1, 0, 0, 0, 0, 0.0, 0, 0, 0], [0, 0, 1, 1, 0, 1, 0, 0, 0, 0, 0, 0.0, 0, 0, 0], [0, 0, 1, 1, 0, 1, 0, 0, 0, 0, 0, 0.0, 0, 0, 0], [0, 0, 3, 0, 0, 0, -1, 0, 0, 0, 0, 0.0, 0, 0, 0], [0, 0, 3, 0, 0, 0, -1, 0, 0, 0, 0, 0.0, 0, 0, 0], [0, 0, 3, 0, 0, 0, -1, 0, 0, 0, 0, 0.0, 0, 0, 0], [0, 0, 3, 0, 0, 0, -1, 0, 0, 0, 0, 0.0, 0, 0, 0], [0, 0, 1, 0, 0, 0, -1, 0, 0, 0, 0, 0.0, 0, 0, 0], [0, 0, 1, 0, 0, 1, 0, 0, 0, 0, 0, 1.0, 1, 0, 0], [0, 0, 2, 0, 0, 0, -1, 0, 0, 0, 0, 0.0, 0, 0, 0], [0, 0, 2, 0, 0, 0, -1, 0, 0, 0, 0, 0.0, 0, 0, 0], [0, 0, 2, 1, 0, 1, 1, 0, 0, 0, 0, 0.0, 0, 0, 0], [0, 0, 1, 0, 0, 0, -1, 0, 0, 0, 0, 0.0, 0, 0, 0], [0, 0, 1, 0, 0, 0, -1, 0, 0, 0, 0, 0.0, 0, 0, 0], [0, 0, 2, 0, 0, 0, -1, 0, 0, 0, 0, 0.0, 0, 0, 0], [0, 0, 2, 0, 0, 0, -1, 0, 0, 0, 0, 0.0, 0, 0, 0], [0, 0, 2, 0, 0, 0, -1, 0, 0, 0, 0, 0.0, 0, 0, 0], [0, 0, 6, 0, 0, 0, -1, 0, 0, 0, 0, 0.0, 0, 0, 0], [0, 0, 6, 0, 0, 0, -1, 0, 0, 0, 0, 0.0, 0, 0, 0], [0, 0, 6, 0, 0, 0, -1, 0, 0, 0, 0, 0.0, 0, 0, 0], [0, 0, 6, 0, 0, 0, -1, 0, 0, 0, 0, 0.0, 0, 0, 0], [0, 0, 6, 0, 0, 0, -1, 0, 0, 0, 0, 0.0, 0, 0, 0], [0, 0, 6, 0, 0, 0, -1, 0, 0, 0, 0, 0.0, 0, 0, 0], [0, 0, 6, 0, 0, 0, -1, 0, 0, 0, 0, 0.0, 0, 0, 0], [0, 0, 5, 0, 0, 0, -1, 0, 0, 0, 0, 0.0, 0, 0, 0], [0, 0, 5, 0, 0, 0, -1, 0, 0, 0, 0, 0.0, 0, 0, 0], [0, 0, 5, 0, 0, 0, -1, 0, 0, 0, 0, 0.0, 0, 0, 0], [0, 0, 5, 0, 0, 0, -1, 0, 0, 0, 0, 0.0, 0, 0, 0], [0, 0, 5, 0, 0, 0, -1, 0, 0, 0, 0, 0.0, 0, 0, 0], [0, 0, 5, 0, 0, 0, -1, 0, 0, 0, 0, 0.0, 0, 0, 0], [0, 0, 1, 1, 0, 1, 0, 0, 0, 0, 0, 0.0, 0, 1, 0], [0, 0, 1, 1, 0, 1, 0, 0, 0, 0, 0, 0.0, 0, 1, 0], [0, 0, 1, 0, 0, 0, -1, 0, 0, 0, 0, 0.0, 0, 0, 0], [0, 0, 1, 0, 0, 0, -1, 0, 0, 0, 0, 0.0, 0, 0, 0], [0, 0, 1, 0, 0, 0, -1, 0, 0, 0, 0, 0.0, 0, 0, 0], [0, 0, 1, 1, 0, 1, 0, 0, 0, 0, 0, 0.0, 0, 0, 0], [0, 0, 1, 0, 0, 0, -1, 0, 0, 0, 0, 0.0, 0, 0, 0], [0, 0, 1, 1, 0, 1, 0, 0, 0, 0, 0, 0.0, 0, 0, 0], [0, 0, 1, 0, 0, 0, -1, 0, 0, 0, 0, 0.0, 0, 0, 0], [0, 0, 1, 0, 0, 0, -1, 0, 0, 0, 0, 0.0, 0, 0, 0], [0, 0, 1, 1, 0, 1, 0, 0, 0, 0, 0, 0.0, 0, 0, 0], [0, 0, 1, 0, 0, 1, 0, 0, 0, 0, 0, 1.0, 1, 0, 0], [0, 0, 1, 1, 0, 1, 0, 0, 0, 0, 0, 0.0, 0, 0, 0], [0, 0, 1, 0, 0, 0, -1, 0, 0, 0, 0, 0.0, 0, 0, 0], [0, 0, 1, 0, 0, 0, -1, 0, 0, 0, 0, 0.0, 0, 0, 0], [0, 0, 1, 0, 0, 1, 0, 0, 0, 0, 0, 0.5, 2, 0, 0], [0, 0, 1, 0, 0, 0, -1, 0, 0, 0, 0, 0.0, 0, 0, 0], [0, 0, 1, 0, 0, 0, -1, 0, 0, 0, 0, 0.0, 0, 0, 0], [0, 0, 1, 0, 0, 0, -1, 0, 0, 0, 0, 0.0, 0, 0, 0], [0, 0, 1, 0, 0, 0, -1, 0, 0, 0, 0, 0.0, 0, 0, 0], [0, 0, 4, 0, 0, 0, -1, 0, 0, 0, 0, 0.0, 0, 0, 0], [0, 0, 4, 0, 0, 0, -1, 0, 0, 0, 0, 0.0, 0, 0, 0], [0, 0, 4, 0, 0, 0, -1, 0, 0, 0, 0, 0.0, 0, 0, 0], [0, 0, 4, 0, 0, 0, -1, 0, 0, 0, 0, 0.0, 0, 0, 0], [0, 0, 4, 0, 0, 0, -1, 0, 0, 0, 0, 0.0, 0, 0, 0], [0, 0, 1, 1, 0, 1, 0, 0, 0, 0, 0, 0.0, 0, 0, 0], [0, 0, 1, 0, 0, 0, -1, 0, 0, 0, 0, 0.0, 0, 0, 0], [0, 0, 1, 0, 0, 0, -1, 0, 0, 0, 0, 0.0, 0, 0, 0], [0, 0, 1, 0, 0, 0, -1, 0, 0, 0, 0, 0.0, 0, 0, 0], [0, 0, 1, 0, 0, 0, -1, 0, 0, 0, 0, 0.0, 0, 0, 0], [0, 0, 1, 0, 0, 0, -1, 0, 0, 0, 0, 0.0, 0, 0, 0], [0, 0, 1, 1, 0, 1, 0, 0, 0, 0, 0, 0.0, 0, 0, 0], [0, 0, 1, 0, 0, 0, -1, 0, 0, 0, 0, 0.0, 0, 0, 0], [0, 0, 1, 0, 0, 0, -1, 0, 0, 0, 0, 0.0, 0, 0, 0], [0, 0, 1, 0, 0, 0, -1, 0, 0, 0, 0, 0.0, 0, 0, 0], [0, 0, 1, 0, 0, 0, -1, 0, 0, 0, 0, 0.0, 0, 0, 0], [0, 0, 1, 0, 0, 0, -1, 0, 0, 0, 0, 0.0, 0, 0, 0], [0, 0, 1, 0, 0, 0, -1, 0, 0, 0, 0, 0.0, 0, 0, 0], [0, 0, 1, 1, 0, 1, 0, 0, 0, 0, 0, 0.0, 0, 0, 0], [0, 0, 1, 1, 0, 1, 0, 0, 0, 0, 0, 0.0, 0, 0, 0], [0, 0, 1, 1, 0, 1, 0, 0, 0, 0, 0, 0.0, 0, 0, 0], [0, 0, 1, 1, 0, 1, 0, 0, 0, 0, 0, 0.0, 0, 0, 0], [0, 0, 1, 1, 0, 1, 0, 0, 0, 0, 0, 0.0, 0, 0, 0], [0, 0, 1, 0, 0, 0, -1, 0, 0, 0, 0, 0.0, 0, 0, 0], [0, 0, 1, 0, 0, 0, -1, 0, 0, 0, 0, 0.0, 0, 0, 0], [0, 0, 1, 1, 0, 1, 0, 0, 0, 0, 0, 0.0, 0, 0, 0], [0, 0, 1, 1, 0, 1, 0, 0, 0, 0, 0, 0.0, 0, 0, 0], [0, 0, 4, 0, 0, 0, -1, 0, 0, 0, 0, 0.0, 0, 0, 0], [0, 0, 4, 0, 0, 0, -1, 0, 0, 0, 0, 0.0, 0, 0, 0], [0, 0, 4, 0, 0, 0, -1, 0, 0, 0, 0, 0.0, 0, 0, 0], [0, 0, 4, 0, 0, 0, -1, 0, 0, 0, 0, 0.0, 0, 0, 0], [0, 0, 4, 0, 0, 0, -1, 0, 0, 0, 0, 0.0, 0, 0, 0], [0, 0, 3, 0, 0, 0, -1, 0, 0, 0, 0, 0.0, 0, 0, 0], [0, 0, 3, 0, 0, 0, -1, 0, 0, 0, 0, 0.0, 0, 0, 0], [0, 0, 3, 0, 0, 0, -1, 0, 0, 0, 0, 0.0, 0, 0, 0], [0, 0, 3, 0, 0, 0, -1, 0, 0, 0, 0, 0.0, 0, 0, 0], [0, 0, 1, 0, 0, 0, -1, 0, 0, 0, 0, 0.0, 0, 0, 0], [0, 0, 1, 0, 0, 0, -1, 0, 0, 0, 0, 0.0, 0, 0, 0], [0, 0, 6, 0, 0, 0, -1, 0, 0, 0, 0, 0.0, 0, 0, 0], [0, 0, 6, 0, 0, 0, -1, 0, 0, 0, 0, 0.0, 0, 0, 0], [0, 0, 6, 0, 0, 0, -1, 0, 0, 0, 0, 0.0, 0, 0, 0], [0, 0, 6, 0, 0, 0, -1, 0, 0, 0, 0, 0.0, 0, 0, 0], [0, 0, 6, 0, 0, 0, -1, 0, 0, 0, 0, 0.0, 0, 0, 0], [0, 0, 6, 0, 0, 0, -1, 0, 0, 0, 0, 0.0, 0, 0, 0], [0, 0, 6, 0, 0, 0, -1, 0, 0, 0, 0, 0.0, 0, 0, 0], [0, 0, 1, 0, 0, 0, -1, 0, 0, 0, 0, 0.0, 0, 0, 0], [0, 0, 1, 0, 0, 0, -1, 0, 0, 0, 0, 0.0, 0, 0, 0], [0, 0, 2, 0, 0, 0, -1, 0, 0, 0, 0, 0.0, 0, 0, 0], [0, 0, 2, 0, 0, 0, -1, 0, 0, 0, 0, 0.0, 0, 0, 0], [0, 0, 2, 0, 0, 0, -1, 0, 0, 0, 0, 0.0, 0, 1, 0], [0, 0, 1, 0, 0, 0, -1, 0, 0, 0, 0, 0.0, 0, 0, 0], [0, 0, 1, 0, 0, 0, -1, 0, 0, 0, 0, 0.0, 0, 0, 0], [0, 0, 5, 0, 0, 0, -1, 0, 0, 0, 0, 0.0, 0, 0, 0], [0, 0, 5, 0, 0, 0, -1, 0, 0, 0, 0, 0.0, 0, 0, 0], [0, 0, 5, 0, 0, 0, -1, 0, 0, 0, 0, 0.0, 0, 0, 0], [0, 0, 5, 0, 0, 0, -1, 0, 0, 0, 0, 0.0, 0, 0, 0], [0, 0, 5, 0, 0, 0, -1, 0, 0, 0, 0, 0.0, 0, 0, 0], [0, 0, 5, 0, 0, 0, -1, 0, 0, 0, 0, 0.0, 0, 0, 0], [0, 0, 2, 1, 0, 1, 0, 0, 0, 0, 0, 0.0, 0, 0, 0], [0, 1, 3, 1, 0, 1, 0, 0, 0, 0, 0, 0.0, 0, 0, 0], [0, 1, 3, 1, 0, 1, 0, 0, 0, 0, 0, 0.0, 0, 1, 0], [0, 1, 3, 1, 0, 1, 0, 0, 0, 0, 0, 0.0, 0, 1, 0], [0, 1, 3, 1, 0, 1, 0, 0, 0, 0, 0, 0.0, 0, 0, 0], [0, 0, 1, 0, 0, 0, -1, 0, 0, 0, 0, 0.0, 0, 0, 0], [0, 0, 1, 0, 0, 0, -1, 0, 0, 0, 0, 0.0, 0, 0, 0], [0, 0, 1, 1, 0, 1, 0, 0, 0, 0, 0, 0.0, 0, 0, 0], [0, 0, 1, 1, 0, 1, 0, 0, 0, 0, 0, 0.0, 0, 0, 0], [0, 0, 1, 0, 0, 0, -1, 0, 0, 0, 0, 0.0, 0, 0, 0], [0, 0, 1, 0, 0, 0, -1, 0, 0, 0, 0, 0.0, 0, 0, 0], [0, 0, 1, 0, 0, 0, -1, 0, 0, 0, 0, 0.0, 0, 0, 0], [0, 0, 1, 0, 0, 0, -1, 0, 0, 0, 0, 0.0, 0, 0, 0], [0, 0, 1, 0, 0, 0, -1, 0, 0, 0, 0, 0.0, 0, 0, 0], [0, 0, 1, 1, 0, 1, 0, 0, 0, 0, 0, 0.0, 0, 0, 0], [0, 0, 1, 1, 0, 1, 0, 0, 0, 0, 0, 0.0, 0, 1, 0], [0, 0, 1, 1, 0, 1, 0, 0, 0, 0, 0, 0.0, 0, 1, 0], [0, 0, 1, 0, 0, 0, -1, 0, 0, 0, 0, 0.0, 0, 0, 0], [0, 0, 1, 1, 0, 1, 0, 0, 0, 0, 0, 0.0, 0, 0, 0], [0, 0, 1, 0, 0, 0, -1, 0, 0, 0, 0, 0.0, 0, 0, 0], [0, 0, 1, 0, 0, 0, -1, 0, 0, 0, 0, 0.0, 0, 0, 0], [0, 0, 1, 0, 0, 0, -1, 0, 0, 0, 0, 0.0, 0, 0, 0], [0, 0, 1, 0, 0, 0, -1, 0, 0, 0, 0, 0.0, 0, 0, 0], [0, 0, 1, 1, 0, 1, 0, 0, 0, 0, 0, 0.0, 0, 0, 0], [0, 0, 1, 1, 0, 1, 0, 0, 0, 0, 0, 0.0, 0, 1, 0], [0, 0, 1, 0, 0, 0, -1, 0, 0, 0, 0, 0.0, 0, 0, 0], [0, 0, 1, 1, 0, 1, 0, 0, 0, 0, 0, 0.0, 0, 0, 0], [0, 0, 1, 0, 0, 0, -1, 0, 0, 0, 0, 0.0, 0, 0, 0], [0, 0, 1, 0, 0, 1, 0, 0, 0, 0, 0, 1.0, 1, 0, 0], [0, 0, 2, 0, 0, 0, -1, 0, 0, 0, 0, 0.0, 0, 0, 0], [0, 0, 2, 0, 0, 0, -1, 0, 0, 0, 0, 0.0, 0, 0, 0], [0, 0, 2, 1, 0, 1, 1, 0, 0, 0, 0, 0.0, 0, 0, 0], [0, 0, 1, 0, 0, 0, -1, 0, 0, 0, 0, 0.0, 0, 0, 0], [0, 0, 1, 1, 0, 1, 0, 0, 0, 0, 0, 0.0, 0, 0, 0], [0, 0, 1, 0, 0, 0, -1, 0, 0, 0, 0, 0.0, 0, 0, 0], [0, 0, 1, 1, 0, 1, 0, 0, 0, 0, 0, 0.0, 0, 0, 0], [0, 0, 1, 0, 0, 0, -1, 0, 0, 0, 0, 0.0, 0, 0, 0], [0, 0, 1, 0, 0, 0, -1, 0, 0, 0, 0, 0.0, 0, 0, 0], [0, 0, 1, 0, 0, 0, -1, 0, 0, 0, 0, 0.0, 0, 0, 0], [0, 0, 1, 1, 0, 1, 0, 0, 0, 0, 0, 0.0, 0, 0, 0], [0, 0, 3, 0, 0, 0, -1, 0, 0, 0, 0, 0.0, 0, 0, 0], [0, 0, 3, 0, 0, 0, -1, 0, 0, 0, 0, 0.0, 0, 0, 0], [0, 0, 3, 0, 0, 0, -1, 0, 0, 0, 0, 0.0, 0, 0, 0], [0, 0, 3, 0, 0, 0, -1, 0, 0, 0, 0, 0.0, 0, 0, 0], [0, 0, 2, 0, 0, 0, -1, 0, 0, 0, 0, 0.0, 0, 0, 0], [0, 0, 2, 0, 0, 0, -1, 0, 0, 0, 0, 0.0, 0, 0, 0], [0, 0, 2, 0, 0, 0, -1, 0, 0, 0, 0, 0.0, 0, 0, 0], [0, 0, 1, 0, 0, 0, -1, 0, 0, 0, 0, 0.0, 0, 0, 0], [0, 0, 1, 1, 0, 1, 0, 0, 0, 0, 0, 0.0, 0, 0, 0], [0, 0, 1, 0, 0, 0, -1, 0, 0, 0, 0, 0.0, 0, 0, 0], [0, 0, 1, 0, 0, 0, -1, 0, 0, 0, 0, 0.0, 0, 0, 0], [0, 0, 2, 0, 0, 0, -1, 0, 0, 0, 0, 0.0, 0, 0, 0], [0, 0, 2, 0, 0, 0, -1, 0, 0, 0, 0, 0.0, 0, 0, 0], [0, 0, 2, 1, 0, 1, 0, 0, 0, 0, 0, 0.0, 0, 0, 0], [0, 0, 2, 0, 0, 0, -1, 0, 0, 0, 0, 0.0, 0, 0, 0], [0, 0, 2, 0, 0, 0, -1, 0, 0, 0, 0, 0.0, 0, 0, 0], [0, 0, 2, 0, 0, 0, -1, 0, 0, 0, 0, 0.0, 0, 0, 0], [0, 0, 1, 0, 0, 0, -1, 0, 0, 0, 0, 0.0, 0, 0, 0], [0, 0, 1, 0, 0, 0, -1, 0, 0, 0, 0, 0.0, 0, 0, 0], [0, 0, 2, 0, 0, 0, -1, 0, 0, 0, 0, 0.0, 0, 0, 0], [0, 0, 2, 0, 0, 0, -1, 0, 0, 0, 0, 0.0, 0, 0, 0], [0, 0, 2, 0, 0, 0, -1, 0, 0, 0, 0, 0.0, 0, 0, 0], [0, 0, 2, 0, 0, 0, -1, 0, 0, 0, 0, 0.0, 0, 0, 0], [0, 0, 2, 0, 0, 0, -1, 0, 0, 0, 0, 0.0, 0, 0, 0], [0, 0, 2, 0, 0, 0, -1, 0, 0, 0, 0, 0.0, 0, 0, 0], [0, 0, 6, 0, 0, 0, -1, 0, 0, 0, 0, 0.0, 0, 0, 0], [0, 0, 6, 0, 0, 0, -1, 0, 0, 0, 0, 0.0, 0, 0, 0], [0, 0, 6, 0, 0, 0, -1, 0, 0, 0, 0, 0.0, 0, 0, 0], [0, 0, 6, 0, 0, 0, -1, 0, 0, 0, 0, 0.0, 0, 0, 0], [0, 0, 6, 0, 0, 0, -1, 0, 0, 0, 0, 0.0, 0, 0, 0], [0, 0, 6, 0, 0, 0, -1, 0, 0, 0, 0, 0.0, 0, 0, 0], [0, 0, 6, 0, 0, 0, -1, 0, 0, 0, 0, 0.0, 0, 0, 0], [0, 0, 6, 0, 0, 0, -1, 0, 0, 0, 0, 0.0, 0, 0, 0], [0, 0, 6, 0, 0, 0, -1, 0, 0, 0, 0, 0.0, 0, 0, 0], [0, 0, 6, 0, 0, 0, -1, 0, 0, 0, 0, 0.0, 0, 0, 0], [0, 0, 6, 0, 0, 0, -1, 0, 0, 0, 0, 0.0, 0, 0, 0], [0, 0, 6, 0, 0, 0, -1, 0, 0, 0, 0, 0.0, 0, 0, 0], [0, 0, 6, 0, 0, 0, -1, 0, 0, 0, 0, 0.0, 0, 0, 0], [0, 0, 6, 0, 0, 0, -1, 0, 0, 0, 0, 0.0, 0, 0, 0], [0, 0, 6, 0, 0, 0, -1, 0, 0, 0, 0, 0.0, 0, 0, 0], [0, 0, 6, 0, 0, 0, -1, 0, 0, 0, 0, 0.0, 0, 0, 0], [0, 0, 1, 0, 0, 0, -1, 0, 0, 0, 0, 0.0, 0, 0, 0], [0, 0, 1, 0, 0, 0, -1, 0, 0, 0, 0, 0.0, 0, 0, 0], [0, 0, 1, 0, 0, 0, -1, 0, 0, 0, 0, 0.0, 0, 0, 0], [0, 0, 1, 1, 0, 1, 0, 0, 0, 0, 0, 0.0, 0, 0, 0], [0, 0, 1, 0, 0, 1, 0, 0, 0, 0, 0, 1.0, 1, 0, 0], [0, 0, 1, 0, 0, 0, -1, 0, 0, 0, 0, 0.0, 0, 0, 0], [0, 0, 2, 0, 0, 0, -1, 0, 0, 0, 0, 0.0, 0, 0, 0], [0, 0, 2, 0, 0, 0, -1, 0, 0, 0, 0, 0.0, 0, 0, 0], [0, 0, 2, 0, 0, 0, -1, 0, 0, 0, 0, 0.0, 0, 0, 0], [0, 0, 1, 0, 0, 0, -1, 0, 0, 0, 0, 0.0, 0, 0, 0], [0, 0, 1, 0, 0, 0, -1, 0, 0, 0, 0, 0.0, 0, 0, 0], [0, 0, 1, 0, 0, 0, -1, 0, 0, 0, 0, 0.0, 0, 0, 0], [0, 0, 1, 0, 0, 0, -1, 0, 0, 0, 0, 0.0, 0, 0, 0], [0, 0, 2, 0, 0, 0, -1, 0, 0, 0, 0, 0.0, 0, 0, 0], [0, 0, 2, 0, 0, 0, -1, 0, 0, 0, 0, 0.0, 0, 0, 0], [0, 0, 2, 0, 0, 0, -1, 0, 0, 0, 0, 0.0, 0, 0, 0], [0, 0, 2, 0, 0, 0, -1, 0, 0, 0, 0, 0.0, 0, 0, 0], [0, 0, 2, 0, 0, 0, -1, 0, 0, 0, 0, 0.0, 0, 0, 0], [0, 0, 2, 1, 0, 1, 0, 0, 0, 0, 0, 0.0, 0, 0, 0], [0, 0, 1, 0, 0, 0, -1, 0, 0, 0, 0, 0.0, 0, 0, 0], [0, 0, 1, 0, 0, 0, -1, 0, 0, 0, 0, 0.0, 0, 0, 0], [0, 0, 2, 0, 0, 0, -1, 0, 0, 0, 0, 0.0, 0, 0, 0], [0, 0, 2, 0, 0, 0, -1, 0, 0, 0, 0, 0.0, 0, 0, 0], [0, 0, 2, 0, 0, 0, -1, 0, 0, 0, 0, 0.0, 0, 0, 0], [0, 0, 1, 1, 0, 1, 0, 0, 0, 0, 0, 0.0, 0, 0, 0], [0, 0, 1, 1, 0, 1, 0, 0, 0, 0, 0, 0.0, 0, 0, 0], [0, 0, 1, 0, 0, 0, -1, 0, 0, 0, 0, 0.0, 0, 0, 0], [0, 0, 1, 0, 0, 0, -1, 0, 0, 0, 0, 0.0, 0, 0, 0], [0, 0, 1, 0, 0, 0, -1, 0, 0, 0, 0, 0.0, 0, 0, 0], [0, 0, 1, 0, 0, 0, -1, 0, 0, 0, 0, 0.0, 0, 0, 0], [0, 0, 1, 1, 0, 1, 0, 0, 0, 0, 0, 0.0, 0, 0, 0], [0, 0, 1, 1, 0, 1, 0, 0, 0, 0, 0, 0.0, 0, 0, 0], [0, 0, 1, 0, 0, 0, -1, 0, 0, 0, 0, 0.0, 0, 0, 0], [0, 0, 1, 0, 0, 0, -1, 0, 0, 0, 0, 0.0, 0, 0, 0], [0, 0, 2, 0, 0, 0, -1, 0, 0, 0, 0, 0.0, 0, 1, 0], [0, 0, 2, 0, 0, 0, -1, 0, 0, 0, 0, 0.0, 0, 1, 0], [0, 0, 2, 1, 0, 1, 0, 0, 0, 0, 0, 0.0, 0, 0, 0], [0, 0, 1, 1, 0, 1, 0, 0, 0, 0, 0, 0.0, 0, 0, 0], [0, 0, 1, 0, 0, 0, -1, 0, 0, 0, 0, 0.0, 0, 0, 0], [0, 0, 1, 1, 0, 1, 0, 0, 0, 0, 0, 0.0, 0, 0, 0], [0, 0, 1, 1, 0, 1, 0, 0, 0, 0, 0, 0.0, 0, 0, 0]]}
  CONTROL {"lookup_paired_vs_rival": {"model_only_right": 0, "rival_only_right": 0, "discordant": 0, "mcnemar_z": NaN}, "lookup_paired_vs_rival_cos": {"n": 0, "model_only_right": 0, "rival_only_right": 0, "discordant": 0, "mcnemar_z": NaN, "max_achievable_z": 0.0, "underpowered": true}, "lookup_paired_vs_rival_cos_by_margin": {"median_margin": NaN, "low_margin": {"n": 0, "model_only_right": 0, "rival_only_right": 0, "discordant": 0, "mcnemar_z": NaN, "max_achievable_z": 0.0, "underpowered": true}, "high_margin": {"n": 0, "model_only_right": 0, "rival_only_right": 0, "discordant": 0, "mcnemar_z": NaN, "max_achievable_z": 0.0, "underpowered": true}}, "ladder": {"n_questions": 0, "pairs": 0, "concordant": 0, "ties_excluded": 0, "import_budget_zero_rate": 0.0, "import_budget_mean": 0.0, "concordance": NaN, "z_vs_half": NaN, "mean_phi": {"true": NaN, "near": NaN, "middle": NaN, "far": NaN}}, "exact_mismatches": 0, "confusion": {}, "_mixed": [], "_reach": [], "_pair": [], "_cons": [[0, 1, 1, 0, 1, 0, -1, 0, 0, 0, 0, 0.0, 0, 1, 1], [0, 1, 1, 0, 1, 0, -1, 0, 0, 0, 0, 0.0, 0, 1, 1], [0, 0, 2, 0, 0, 1, 1, 0, 0, 0, 0, 1.0, 1, 0, 0], [0, 1, 3, 0, 0, 0, -1, 0, 0, 0, 0, 0.0, 0, 1, 1], [0, 1, 3, 0, 0, 0, -1, 0, 0, 0, 0, 0.0, 0, 1, 1], [0, 0, 2, 0, 0, 0, -1, 0, 0, 0, 0, 0.0, 0, 0, 0], [0, 0, 6, 0, 0, 0, -1, 0, 0, 0, 0, 0.0, 0, 0, 0], [0, 0, 6, 0, 0, 0, -1, 0, 0, 0, 0, 0.0, 0, 0, 0], [0, 0, 6, 0, 0, 0, -1, 0, 0, 0, 0, 0.0, 0, 0, 0], [0, 1, 6, 0, 0, 0, -1, 0, 0, 0, 0, 0.0, 0, 0, 0], [0, 0, 6, 0, 0, 0, -1, 0, 0, 0, 0, 0.0, 0, 0, 0], [0, 0, 6, 0, 0, 0, -1, 0, 0, 0, 0, 0.0, 0, 0, 0], [0, 0, 6, 0, 0, 0, -1, 0, 0, 0, 0, 0.0, 0, 0, 0], [0, 0, 6, 0, 0, 0, -1, 0, 0, 0, 0, 0.0, 0, 0, 0], [0, 0, 6, 0, 0, 0, -1, 0, 0, 0, 0, 0.0, 0, 0, 0], [0, 0, 6, 0, 0, 0, -1, 0, 0, 0, 0, 0.0, 0, 0, 0], [0, 0, 6, 0, 0, 0, -1, 0, 0, 0, 0, 0.0, 0, 0, 0], [0, 0, 6, 0, 0, 0, -1, 0, 0, 0, 0, 0.0, 0, 0, 0], [0, 0, 6, 0, 0, 0, -1, 0, 0, 0, 0, 0.0, 0, 0, 0], [0, 0, 6, 0, 0, 0, -1, 0, 0, 0, 0, 0.0, 0, 0, 0], [0, 0, 6, 0, 0, 0, -1, 0, 0, 0, 0, 0.0, 0, 0, 0], [0, 0, 6, 0, 0, 0, -1, 0, 0, 0, 0, 0.0, 0, 0, 0], [0, 1, 6, 0, 0, 0, -1, 0, 0, 0, 0, 0.0, 0, 0, 0], [0, 0, 6, 0, 0, 0, -1, 0, 0, 0, 0, 0.0, 0, 0, 0], [0, 0, 6, 0, 0, 0, -1, 0, 0, 0, 0, 0.0, 0, 0, 0], [0, 0, 6, 0, 0, 0, -1, 0, 0, 0, 0, 0.0, 0, 0, 0], [0, 0, 6, 0, 0, 0, -1, 0, 0, 0, 0, 0.0, 0, 0, 0], [0, 0, 6, 0, 0, 0, -1, 0, 0, 0, 0, 0.0, 0, 0, 0], [0, 0, 6, 0, 0, 0, -1, 0, 0, 0, 0, 0.0, 0, 0, 0], [0, 0, 6, 0, 0, 0, -1, 0, 0, 0, 0, 0.0, 0, 0, 0], [0, 0, 6, 0, 0, 0, -1, 0, 0, 0, 0, 0.0, 0, 0, 0], [0, 0, 6, 0, 0, 0, -1, 0, 0, 0, 0, 0.0, 0, 0, 0], [0, 0, 6, 0, 0, 0, -1, 0, 0, 0, 0, 0.0, 0, 0, 0], [0, 0, 6, 0, 0, 0, -1, 0, 0, 0, 0, 0.0, 0, 0, 0], [0, 0, 6, 0, 0, 0, -1, 0, 0, 0, 0, 0.0, 0, 0, 0], [0, 0, 6, 0, 0, 0, -1, 0, 0, 0, 0, 0.0, 0, 0, 0], [0, 0, 6, 0, 0, 0, -1, 0, 0, 0, 0, 0.0, 0, 0, 0], [0, 0, 6, 0, 0, 0, -1, 0, 0, 0, 0, 0.0, 0, 0, 0], [0, 0, 6, 0, 0, 0, -1, 0, 0, 0, 0, 0.0, 0, 0, 0], [0, 0, 6, 0, 0, 0, -1, 0, 0, 0, 0, 0.0, 0, 0, 0], [0, 0, 6, 0, 0, 0, -1, 0, 0, 0, 0, 0.0, 0, 0, 0], [0, 0, 6, 0, 0, 0, -1, 0, 0, 0, 0, 0.0, 0, 0, 0], [0, 0, 6, 0, 0, 0, -1, 0, 0, 0, 0, 0.0, 0, 0, 0], [0, 0, 6, 0, 0, 0, -1, 0, 0, 0, 0, 0.0, 0, 0, 0], [0, 0, 6, 0, 0, 0, -1, 0, 0, 0, 0, 0.0, 0, 0, 0], [0, 0, 6, 0, 0, 0, -1, 0, 0, 0, 0, 0.0, 0, 0, 0], [0, 0, 6, 0, 0, 0, -1, 0, 0, 0, 0, 0.0, 0, 0, 0], [0, 0, 6, 0, 0, 0, -1, 0, 0, 0, 0, 0.0, 0, 0, 0], [0, 0, 6, 0, 0, 0, -1, 0, 0, 0, 0, 0.0, 0, 0, 0], [0, 0, 6, 0, 0, 0, -1, 0, 0, 0, 0, 0.0, 0, 0, 0], [0, 0, 6, 0, 0, 0, -1, 0, 0, 0, 0, 0.0, 0, 0, 0], [0, 0, 6, 0, 0, 0, -1, 0, 0, 0, 0, 0.0, 0, 0, 0], [0, 0, 6, 0, 0, 0, -1, 0, 0, 0, 0, 0.0, 0, 0, 0], [0, 0, 6, 0, 0, 0, -1, 0, 0, 0, 0, 0.0, 0, 0, 0], [0, 0, 6, 0, 0, 0, -1, 0, 0, 0, 0, 0.0, 0, 0, 0], [0, 0, 6, 0, 0, 0, -1, 0, 0, 0, 0, 0.0, 0, 0, 0], [0, 1, 6, 0, 0, 0, -1, 0, 0, 0, 0, 0.0, 0, 0, 0], [0, 0, 6, 0, 0, 0, -1, 0, 0, 0, 0, 0.0, 0, 0, 0], [0, 1, 6, 0, 0, 0, -1, 0, 0, 0, 0, 0.0, 0, 0, 0], [0, 0, 6, 0, 0, 0, -1, 0, 0, 0, 0, 0.0, 0, 0, 0], [0, 0, 6, 0, 0, 0, -1, 0, 0, 0, 0, 0.0, 0, 0, 0], [0, 0, 6, 0, 0, 0, -1, 0, 0, 0, 0, 0.0, 0, 0, 0], [0, 0, 6, 0, 0, 0, -1, 0, 0, 0, 0, 0.0, 0, 0, 0], [0, 0, 6, 0, 0, 0, -1, 0, 0, 0, 0, 0.0, 0, 0, 0], [0, 0, 6, 0, 0, 0, -1, 0, 0, 0, 0, 0.0, 0, 0, 0], [0, 1, 6, 0, 0, 0, -1, 0, 0, 0, 0, 0.0, 0, 0, 0], [0, 0, 6, 0, 0, 0, -1, 0, 0, 0, 0, 0.0, 0, 0, 0], [0, 0, 6, 0, 0, 0, -1, 0, 0, 0, 0, 0.0, 0, 0, 0], [0, 0, 6, 0, 0, 0, -1, 0, 0, 0, 0, 0.0, 0, 0, 0], [0, 0, 6, 0, 0, 0, -1, 0, 0, 0, 0, 0.0, 0, 0, 0], [0, 0, 6, 0, 0, 0, -1, 0, 0, 0, 0, 0.0, 0, 0, 0], [0, 1, 6, 0, 0, 0, -1, 0, 0, 0, 0, 0.0, 0, 1, 0], [0, 0, 6, 0, 0, 0, -1, 0, 0, 0, 0, 0.0, 0, 0, 0], [0, 0, 6, 0, 0, 0, -1, 0, 0, 0, 0, 0.0, 0, 0, 0], [0, 0, 6, 0, 0, 0, -1, 0, 0, 0, 0, 0.0, 0, 0, 0], [0, 1, 6, 0, 0, 0, -1, 0, 0, 0, 0, 0.0, 0, 1, 0], [0, 0, 1, 1, 0, 1, 0, 0, 0, 0, 0, 0.0, 0, 0, 0], [0, 0, 1, 0, 0, 0, -1, 0, 0, 0, 0, 0.0, 0, 0, 0], [0, 0, 1, 0, 0, 0, -1, 0, 0, 0, 0, 0.0, 0, 0, 0], [0, 0, 1, 0, 0, 0, -1, 0, 0, 0, 0, 0.0, 0, 0, 0], [0, 0, 1, 0, 0, 0, -1, 0, 0, 0, 0, 0.0, 0, 0, 0], [0, 0, 1, 0, 0, 0, -1, 0, 0, 0, 0, 0.0, 0, 0, 0], [0, 0, 1, 1, 0, 1, 0, 0, 0, 0, 0, 0.0, 0, 0, 0], [0, 0, 1, 1, 0, 1, 0, 0, 0, 0, 0, 0.0, 0, 0, 0], [0, 1, 1, 0, 1, 0, -1, 0, 0, 0, 0, 0.0, 0, 1, 1], [0, 1, 1, 0, 1, 0, -1, 0, 0, 0, 0, 0.0, 0, 1, 1], [0, 1, 1, 0, 1, 0, -1, 0, 0, 0, 0, 0.0, 0, 1, 1], [0, 1, 1, 0, 1, 0, -1, 0, 0, 0, 0, 0.0, 0, 1, 1], [0, 1, 1, 0, 1, 0, -1, 0, 0, 0, 0, 0.0, 0, 0, 0], [0, 1, 1, 0, 1, 0, -1, 0, 0, 0, 0, 0.0, 0, 0, 0], [0, 1, 1, 0, 1, 0, -1, 0, 0, 0, 0, 0.0, 0, 1, 1], [0, 1, 1, 0, 1, 0, -1, 0, 0, 0, 0, 0.0, 0, 1, 1], [0, 1, 1, 0, 1, 0, -1, 0, 0, 0, 0, 0.0, 0, 1, 1], [0, 1, 1, 0, 1, 0, -1, 0, 0, 0, 0, 0.0, 0, 1, 1], [0, 1, 1, 0, 1, 0, -1, 0, 0, 0, 0, 0.0, 0, 1, 1], [0, 1, 1, 0, 1, 0, -1, 0, 0, 0, 0, 0.0, 0, 0, 0], [0, 1, 1, 0, 1, 0, -1, 0, 0, 0, 0, 0.0, 0, 0, 0], [0, 1, 1, 0, 1, 0, -1, 0, 0, 0, 0, 0.0, 0, 0, 0], [0, 1, 1, 0, 1, 0, -1, 0, 0, 0, 0, 0.0, 0, 1, 1], [0, 1, 1, 0, 1, 0, -1, 0, 0, 0, 0, 0.0, 0, 1, 1], [0, 1, 1, 0, 1, 0, -1, 0, 0, 0, 0, 0.0, 0, 1, 1], [0, 1, 1, 0, 1, 0, -1, 0, 0, 0, 0, 0.0, 0, 1, 1], [0, 1, 1, 0, 1, 0, -1, 0, 0, 0, 0, 0.0, 0, 1, 1], [0, 1, 1, 0, 1, 0, -1, 0, 0, 0, 0, 0.0, 0, 1, 1], [0, 1, 1, 0, 1, 0, -1, 0, 0, 0, 0, 0.0, 0, 0, 0], [0, 1, 1, 0, 1, 0, -1, 0, 0, 0, 0, 0.0, 0, 0, 0], [0, 1, 1, 1, 0, 1, 0, 0, 0, 0, 0, 0.0, 0, 1, 1], [0, 1, 1, 1, 0, 1, 0, 0, 0, 0, 0, 0.0, 0, 1, 1], [0, 1, 1, 1, 0, 1, 0, 0, 0, 0, 0, 0.0, 0, 1, 1], [0, 1, 1, 1, 0, 1, 0, 0, 0, 0, 0, 0.0, 0, 1, 1], [0, 1, 1, 1, 0, 1, 0, 0, 0, 0, 0, 0.0, 0, 1, 1], [0, 1, 1, 1, 0, 1, 0, 0, 0, 0, 0, 0.0, 0, 1, 1], [0, 1, 1, 0, 1, 0, -1, 0, 0, 0, 0, 0.0, 0, 1, 1], [0, 1, 1, 0, 1, 0, -1, 0, 0, 0, 0, 0.0, 0, 1, 1], [0, 1, 1, 0, 1, 0, -1, 0, 0, 0, 0, 0.0, 0, 1, 1], [0, 1, 1, 0, 1, 0, -1, 0, 0, 0, 0, 0.0, 0, 1, 1], [0, 1, 1, 0, 1, 0, -1, 0, 0, 0, 0, 0.0, 0, 1, 1], [0, 1, 1, 0, 1, 0, -1, 0, 0, 0, 0, 0.0, 0, 1, 1], [0, 1, 1, 0, 1, 0, -1, 0, 0, 0, 0, 0.0, 0, 1, 1], [0, 1, 1, 0, 1, 0, -1, 0, 0, 0, 0, 0.0, 0, 1, 1], [0, 1, 1, 0, 1, 0, -1, 0, 0, 0, 0, 0.0, 0, 1, 1], [0, 1, 1, 0, 1, 0, -1, 0, 0, 0, 0, 0.0, 0, 1, 1], [0, 1, 1, 0, 1, 0, -1, 0, 0, 0, 0, 0.0, 0, 1, 1], [0, 1, 1, 0, 1, 0, -1, 0, 0, 0, 0, 0.0, 0, 1, 1], [0, 1, 1, 1, 0, 1, 0, 0, 0, 0, 0, 0.0, 0, 1, 1], [0, 1, 1, 1, 0, 1, 0, 0, 0, 0, 0, 0.0, 0, 1, 1], [0, 1, 1, 1, 0, 1, 0, 0, 0, 0, 0, 0.0, 0, 1, 1], [0, 1, 1, 1, 0, 1, 0, 0, 0, 0, 0, 0.0, 0, 1, 1], [0, 1, 1, 1, 0, 1, 0, 0, 0, 0, 0, 0.0, 0, 1, 1], [0, 1, 1, 0, 1, 0, -1, 0, 0, 0, 0, 0.0, 0, 0, 0], [0, 1, 1, 0, 1, 0, -1, 0, 0, 0, 0, 0.0, 0, 0, 0], [0, 1, 1, 0, 1, 0, -1, 0, 0, 0, 0, 0.0, 0, 1, 1], [0, 1, 1, 0, 1, 0, -1, 0, 0, 0, 0, 0.0, 0, 1, 1], [0, 1, 1, 0, 1, 0, -1, 0, 0, 0, 0, 0.0, 0, 1, 1], [0, 1, 1, 0, 1, 0, -1, 0, 0, 0, 0, 0.0, 0, 1, 1], [0, 1, 1, 0, 1, 0, -1, 0, 0, 0, 0, 0.0, 0, 1, 1], [0, 1, 1, 1, 0, 1, 0, 0, 0, 0, 0, 0.0, 0, 1, 1], [0, 1, 1, 1, 0, 1, 0, 0, 0, 0, 0, 0.0, 0, 1, 1], [0, 1, 1, 0, 1, 0, -1, 0, 0, 0, 0, 0.0, 0, 1, 1], [0, 1, 1, 0, 1, 0, -1, 0, 0, 0, 0, 0.0, 0, 1, 1], [0, 1, 1, 0, 1, 0, -1, 0, 0, 0, 0, 0.0, 0, 1, 1], [0, 1, 1, 0, 1, 0, -1, 0, 0, 0, 0, 0.0, 0, 1, 1], [0, 1, 1, 1, 0, 1, 0, 0, 0, 0, 0, 0.0, 0, 1, 1], [0, 1, 1, 1, 0, 1, 0, 0, 0, 0, 0, 0.0, 0, 1, 1], [0, 1, 1, 1, 0, 1, 0, 0, 0, 0, 0, 0.0, 0, 1, 1], [0, 1, 1, 0, 1, 0, -1, 0, 0, 0, 0, 0.0, 0, 0, 0], [0, 1, 1, 0, 1, 0, -1, 0, 0, 0, 0, 0.0, 0, 0, 0], [0, 1, 1, 0, 1, 0, -1, 0, 0, 0, 0, 0.0, 0, 1, 0], [0, 1, 1, 0, 1, 0, -1, 0, 0, 0, 0, 0.0, 0, 1, 0], [0, 1, 1, 0, 1, 0, -1, 0, 0, 0, 0, 0.0, 0, 0, 0], [0, 1, 1, 0, 1, 0, -1, 0, 0, 0, 0, 0.0, 0, 0, 0], [0, 1, 1, 0, 1, 0, -1, 0, 0, 0, 0, 0.0, 0, 1, 1], [0, 1, 1, 0, 1, 0, -1, 0, 0, 0, 0, 0.0, 0, 1, 1], [0, 1, 1, 1, 0, 1, 0, 0, 0, 0, 0, 0.0, 0, 1, 1], [0, 1, 1, 1, 0, 1, 0, 0, 0, 0, 0, 0.0, 0, 1, 1], [0, 1, 1, 0, 1, 0, -1, 0, 0, 0, 0, 0.0, 0, 0, 0], [0, 1, 1, 0, 1, 0, -1, 0, 0, 0, 0, 0.0, 0, 0, 0], [0, 1, 1, 0, 1, 0, -1, 0, 0, 0, 0, 0.0, 0, 0, 0], [0, 1, 1, 1, 0, 1, 0, 0, 0, 0, 0, 0.0, 0, 1, 1], [0, 1, 1, 1, 0, 1, 0, 0, 0, 0, 0, 0.0, 0, 1, 1], [0, 1, 1, 0, 1, 0, -1, 0, 0, 0, 0, 0.0, 0, 1, 1], [0, 1, 1, 0, 1, 0, -1, 0, 0, 0, 0, 0.0, 0, 1, 1], [0, 1, 1, 0, 1, 0, -1, 0, 0, 0, 0, 0.0, 0, 1, 1], [0, 1, 1, 0, 1, 0, -1, 0, 0, 0, 0, 0.0, 0, 1, 1], [0, 1, 1, 0, 1, 0, -1, 0, 0, 0, 0, 0.0, 0, 1, 1], [0, 1, 1, 0, 1, 0, -1, 0, 0, 0, 0, 0.0, 0, 1, 1], [0, 1, 1, 0, 1, 0, -1, 0, 0, 0, 0, 0.0, 0, 1, 1], [0, 1, 1, 0, 1, 0, -1, 0, 0, 0, 0, 0.0, 0, 1, 1], [0, 1, 1, 0, 1, 0, -1, 0, 0, 0, 0, 0.0, 0, 0, 0], [0, 1, 1, 0, 1, 0, -1, 0, 0, 0, 0, 0.0, 0, 0, 0], [0, 1, 1, 0, 1, 0, -1, 0, 0, 0, 0, 0.0, 0, 1, 1], [0, 1, 1, 0, 1, 0, -1, 0, 0, 0, 0, 0.0, 0, 1, 1], [0, 1, 1, 0, 1, 0, -1, 0, 0, 0, 0, 0.0, 0, 0, 0], [0, 1, 1, 0, 1, 0, -1, 0, 0, 0, 0, 0.0, 0, 0, 0], [0, 1, 1, 1, 0, 1, 0, 0, 0, 0, 0, 0.0, 0, 1, 1], [0, 1, 1, 1, 0, 1, 0, 0, 0, 0, 0, 0.0, 0, 1, 1], [0, 1, 1, 1, 0, 1, 0, 0, 0, 0, 0, 0.0, 0, 1, 1], [0, 1, 1, 1, 0, 1, 0, 0, 0, 0, 0, 0.0, 0, 1, 1], [0, 1, 1, 1, 0, 1, 0, 0, 0, 0, 0, 0.0, 0, 1, 1], [0, 0, 6, 0, 0, 0, -1, 0, 0, 0, 0, 0.0, 0, 0, 0], [0, 0, 6, 0, 0, 0, -1, 0, 0, 0, 0, 0.0, 0, 0, 0], [0, 0, 6, 0, 0, 0, -1, 0, 0, 0, 0, 0.0, 0, 0, 0], [0, 0, 6, 0, 0, 0, -1, 0, 0, 0, 0, 0.0, 0, 0, 0], [0, 1, 6, 0, 0, 0, -1, 0, 0, 0, 0, 0.0, 0, 0, 0], [0, 1, 6, 0, 0, 0, -1, 0, 0, 0, 0, 0.0, 0, 0, 0], [0, 0, 6, 0, 0, 0, -1, 0, 0, 0, 0, 0.0, 0, 0, 0], [0, 1, 6, 0, 0, 0, -1, 0, 0, 0, 0, 0.0, 0, 1, 1], [0, 1, 6, 0, 0, 0, -1, 0, 0, 0, 0, 0.0, 0, 1, 1], [0, 1, 6, 0, 0, 0, -1, 0, 0, 0, 0, 0.0, 0, 1, 1], [0, 0, 2, 0, 0, 0, -1, 0, 0, 0, 0, 0.0, 0, 0, 0], [0, 1, 3, 0, 0, 0, -1, 0, 0, 0, 0, 0.0, 0, 0, 0], [0, 1, 3, 0, 0, 0, -1, 0, 0, 0, 0, 0.0, 0, 0, 0], [0, 0, 2, 0, 0, 0, -1, 0, 0, 0, 0, 0.0, 0, 0, 0], [0, 1, 5, 1, 0, 1, 4, 0, 0, 0, 0, 0.0, 0, 1, 0], [0, 1, 5, 1, 0, 1, 4, 0, 0, 0, 0, 0.0, 0, 1, 0], [0, 1, 5, 1, 0, 1, 4, 0, 0, 0, 0, 0.0, 0, 1, 0], [0, 0, 4, 1, 0, 1, 3, 0, 0, 0, 0, 0.0, 0, 1, 0], [0, 0, 4, 1, 0, 1, 3, 0, 0, 0, 0, 0.0, 0, 1, 0], [0, 1, 5, 1, 0, 1, 3, 0, 0, 0, 1, 0.0, 0, 1, 0], [0, 1, 5, 1, 0, 1, 3, 0, 0, 0, 1, 0.0, 0, 1, 0], [0, 0, 4, 1, 0, 1, 3, 0, 0, 0, 0, 0.0, 0, 0, 0], [0, 1, 2, 1, 0, 1, 0, 0, 0, 0, 0, 0.0, 0, 1, 0], [0, 1, 2, 1, 0, 1, 0, 0, 0, 0, 0, 0.0, 0, 1, 0], [0, 0, 1, 1, 0, 1, 0, 0, 0, 0, 0, 0.0, 0, 0, 0], [0, 1, 3, 1, 0, 1, 0, 0, 0, 0, 1, 0.0, 0, 1, 1], [0, 0, 2, 0, 0, 0, -1, 0, 0, 0, 0, 0.0, 0, 0, 0], [0, 1, 3, 1, 0, 1, 1, 0, 0, 0, 1, 0.0, 0, 1, 1], [0, 0, 2, 1, 0, 1, 1, 0, 0, 0, 0, 0.0, 0, 1, 0], [0, 1, 3, 1, 0, 1, 1, 0, 0, 0, 1, 0.0, 0, 1, 1], [0, 0, 6, 0, 0, 0, -1, 0, 0, 0, 0, 0.0, 0, 0, 0], [0, 1, 6, 0, 0, 0, -1, 0, 0, 0, 0, 0.0, 0, 1, 1], [0, 0, 6, 0, 0, 0, -1, 0, 0, 0, 0, 0.0, 0, 0, 0], [0, 1, 6, 0, 0, 0, -1, 0, 0, 0, 0, 0.0, 0, 1, 1], [0, 0, 6, 0, 0, 0, -1, 0, 0, 0, 0, 0.0, 0, 0, 0], [0, 1, 6, 0, 0, 0, -1, 0, 0, 0, 0, 0.0, 0, 1, 1], [0, 0, 6, 0, 0, 0, -1, 0, 0, 0, 0, 0.0, 0, 0, 0], [0, 0, 6, 0, 0, 0, -1, 0, 0, 0, 0, 0.0, 0, 0, 0], [0, 0, 6, 0, 0, 0, -1, 0, 0, 0, 0, 0.0, 0, 0, 0], [0, 0, 6, 0, 0, 0, -1, 0, 0, 0, 0, 0.0, 0, 0, 0], [0, 0, 4, 0, 0, 0, -1, 0, 0, 0, 0, 0.0, 0, 0, 0], [0, 0, 4, 0, 0, 0, -1, 0, 0, 0, 0, 0.0, 0, 0, 0], [0, 1, 5, 0, 0, 0, -1, 0, 0, 0, 0, 0.0, 0, 1, 0], [0, 0, 4, 0, 0, 0, -1, 0, 0, 0, 0, 0.0, 0, 0, 0], [0, 0, 4, 0, 0, 0, -1, 0, 0, 0, 0, 0.0, 0, 0, 0], [0, 1, 5, 0, 0, 0, -1, 0, 0, 0, 0, 0.0, 0, 1, 0], [0, 1, 6, 0, 1, 0, -1, 0, 0, 0, 0, 0.0, 0, 0, 0], [0, 1, 6, 0, 1, 0, -1, 0, 0, 0, 0, 0.0, 0, 0, 0], [0, 0, 6, 0, 0, 0, -1, 0, 0, 0, 0, 0.0, 0, 0, 0], [0, 0, 6, 0, 0, 0, -1, 0, 0, 0, 0, 0.0, 0, 0, 0], [0, 0, 6, 0, 0, 0, -1, 0, 0, 0, 0, 0.0, 0, 0, 0], [0, 0, 6, 0, 0, 0, -1, 0, 0, 0, 0, 0.0, 0, 0, 0], [0, 0, 6, 0, 0, 0, -1, 0, 0, 0, 0, 0.0, 0, 0, 0], [0, 0, 6, 0, 0, 0, -1, 0, 0, 0, 0, 0.0, 0, 0, 0], [0, 0, 6, 0, 0, 0, -1, 0, 0, 0, 0, 0.0, 0, 0, 0], [0, 0, 6, 0, 0, 0, -1, 0, 0, 0, 0, 0.0, 0, 0, 0], [0, 0, 6, 0, 0, 0, -1, 0, 0, 0, 0, 0.0, 0, 0, 0], [0, 0, 6, 0, 0, 0, -1, 0, 0, 0, 0, 0.0, 0, 0, 0], [0, 0, 6, 0, 0, 0, -1, 0, 0, 0, 0, 0.0, 0, 0, 0], [0, 0, 6, 0, 0, 0, -1, 0, 0, 0, 0, 0.0, 0, 0, 0], [0, 0, 6, 0, 0, 0, -1, 0, 0, 0, 0, 0.0, 0, 0, 0], [0, 0, 6, 0, 0, 0, -1, 0, 0, 0, 0, 0.0, 0, 0, 0], [0, 0, 6, 0, 0, 0, -1, 0, 0, 0, 0, 0.0, 0, 0, 0], [0, 0, 6, 0, 0, 0, -1, 0, 0, 0, 0, 0.0, 0, 0, 0], [0, 0, 6, 0, 0, 0, -1, 0, 0, 0, 0, 0.0, 0, 0, 0], [0, 0, 6, 0, 0, 0, -1, 0, 0, 0, 0, 0.0, 0, 0, 0], [0, 0, 6, 0, 0, 0, -1, 0, 0, 0, 0, 0.0, 0, 0, 0], [0, 0, 2, 0, 0, 0, -1, 0, 0, 0, 0, 0.0, 0, 0, 0], [0, 0, 2, 0, 0, 0, -1, 0, 0, 0, 0, 0.0, 0, 0, 0], [0, 0, 2, 0, 0, 0, -1, 0, 0, 0, 0, 0.0, 0, 0, 0], [0, 0, 3, 0, 0, 0, -1, 0, 0, 0, 0, 0.0, 0, 0, 0], [0, 0, 3, 0, 0, 0, -1, 0, 0, 0, 0, 0.0, 0, 0, 0], [0, 0, 3, 0, 0, 0, -1, 0, 0, 0, 0, 0.0, 0, 0, 0], [0, 0, 3, 0, 0, 0, -1, 0, 0, 0, 0, 0.0, 0, 0, 0], [0, 0, 2, 0, 0, 0, -1, 0, 0, 0, 0, 0.0, 0, 0, 0], [0, 0, 2, 0, 0, 0, -1, 0, 0, 0, 0, 0.0, 0, 0, 0], [0, 0, 2, 0, 0, 0, -1, 0, 0, 0, 0, 0.0, 0, 0, 0], [0, 0, 2, 1, 0, 1, 0, 0, 0, 0, 0, 0.0, 0, 0, 0], [0, 0, 2, 0, 0, 0, -1, 0, 0, 0, 0, 0.0, 0, 0, 0], [0, 0, 2, 0, 0, 0, -1, 0, 0, 0, 0, 0.0, 0, 0, 0], [0, 0, 1, 0, 0, 0, -1, 0, 0, 0, 0, 0.0, 0, 0, 0], [0, 0, 1, 0, 0, 0, -1, 0, 0, 0, 0, 0.0, 0, 0, 0], [0, 0, 1, 1, 0, 1, 0, 0, 0, 0, 0, 0.0, 0, 0, 0], [0, 0, 1, 1, 0, 1, 0, 0, 0, 0, 0, 0.0, 0, 0, 0], [0, 0, 2, 0, 0, 0, -1, 0, 0, 0, 0, 0.0, 0, 0, 0], [0, 0, 2, 0, 0, 0, -1, 0, 0, 0, 0, 0.0, 0, 0, 0], [0, 0, 2, 0, 0, 0, -1, 0, 0, 0, 0, 0.0, 0, 0, 0], [0, 0, 1, 0, 0, 0, -1, 0, 0, 0, 0, 0.0, 0, 0, 0], [0, 0, 1, 0, 0, 0, -1, 0, 0, 0, 0, 0.0, 0, 0, 0], [0, 0, 1, 0, 0, 0, -1, 0, 0, 0, 0, 0.0, 0, 0, 0], [0, 0, 1, 0, 0, 0, -1, 0, 0, 0, 0, 0.0, 0, 0, 0], [0, 0, 1, 1, 0, 1, 0, 0, 0, 0, 0, 0.0, 0, 0, 0], [0, 0, 1, 0, 0, 0, -1, 0, 0, 0, 0, 0.0, 0, 0, 0], [0, 0, 2, 0, 0, 0, -1, 0, 0, 0, 0, 0.0, 0, 0, 0], [0, 0, 2, 0, 0, 0, -1, 0, 0, 0, 0, 0.0, 0, 0, 0], [0, 0, 2, 1, 0, 1, 0, 0, 0, 0, 0, 0.0, 0, 0, 0], [0, 0, 1, 1, 0, 1, 0, 0, 0, 0, 0, 0.0, 0, 0, 0], [0, 0, 1, 1, 0, 1, 0, 0, 0, 0, 0, 0.0, 0, 0, 0], [0, 0, 1, 1, 0, 1, 0, 0, 0, 0, 0, 0.0, 0, 0, 0], [0, 0, 1, 1, 0, 1, 0, 0, 0, 0, 0, 0.0, 0, 0, 0], [0, 0, 1, 0, 0, 0, -1, 0, 0, 0, 0, 0.0, 0, 0, 0], [0, 0, 1, 0, 0, 0, -1, 0, 0, 0, 0, 0.0, 0, 1, 0], [0, 0, 1, 0, 0, 0, -1, 0, 0, 0, 0, 0.0, 0, 0, 0], [0, 0, 1, 0, 0, 0, -1, 0, 0, 0, 0, 0.0, 0, 0, 0], [0, 0, 1, 0, 0, 0, -1, 0, 0, 0, 0, 0.0, 0, 0, 0], [0, 0, 1, 0, 0, 0, -1, 0, 0, 0, 0, 0.0, 0, 0, 0], [0, 0, 3, 0, 0, 0, -1, 0, 0, 0, 0, 0.0, 0, 0, 0], [0, 0, 3, 0, 0, 0, -1, 0, 0, 0, 0, 0.0, 0, 0, 0], [0, 0, 3, 0, 0, 0, -1, 0, 0, 0, 0, 0.0, 0, 0, 0], [0, 0, 3, 0, 0, 0, -1, 0, 0, 0, 0, 0.0, 0, 0, 0], [0, 0, 2, 0, 0, 0, -1, 0, 0, 0, 0, 0.0, 0, 0, 0], [0, 0, 2, 0, 0, 0, -1, 0, 0, 0, 0, 0.0, 0, 0, 0], [0, 0, 2, 1, 0, 1, 0, 0, 0, 0, 0, 0.0, 0, 0, 0], [0, 0, 1, 0, 0, 0, -1, 0, 0, 0, 0, 0.0, 0, 0, 0], [0, 0, 1, 0, 0, 0, -1, 0, 0, 0, 0, 0.0, 0, 0, 0], [0, 0, 3, 0, 0, 0, -1, 0, 0, 0, 0, 0.0, 0, 0, 0], [0, 0, 3, 0, 0, 0, -1, 0, 0, 0, 0, 0.0, 0, 0, 0], [0, 0, 3, 0, 0, 0, -1, 0, 0, 0, 0, 0.0, 0, 0, 0], [0, 0, 3, 0, 0, 0, -1, 0, 0, 0, 0, 0.0, 0, 0, 0], [0, 0, 2, 0, 0, 0, -1, 0, 0, 0, 0, 0.0, 0, 0, 0], [0, 0, 2, 0, 0, 0, -1, 0, 0, 0, 0, 0.0, 0, 0, 0], [0, 0, 2, 0, 0, 0, -1, 0, 0, 0, 0, 0.0, 0, 0, 0], [0, 0, 1, 0, 0, 0, -1, 0, 0, 0, 0, 0.0, 0, 0, 0], [0, 0, 1, 0, 0, 0, -1, 0, 0, 0, 0, 0.0, 0, 0, 0], [0, 0, 1, 0, 0, 0, -1, 0, 0, 0, 0, 0.0, 0, 0, 0], [0, 0, 1, 1, 0, 1, 0, 0, 0, 0, 0, 0.0, 0, 0, 0], [0, 0, 1, 1, 0, 1, 0, 0, 0, 0, 0, 0.0, 0, 0, 0], [0, 0, 1, 0, 0, 0, -1, 0, 0, 0, 0, 0.0, 0, 0, 0], [0, 0, 3, 0, 0, 0, -1, 0, 0, 0, 0, 0.0, 0, 0, 0], [0, 0, 3, 0, 0, 0, -1, 0, 0, 0, 0, 0.0, 0, 0, 0], [0, 0, 3, 0, 0, 0, -1, 0, 0, 0, 0, 0.0, 0, 0, 0], [0, 0, 3, 0, 0, 0, -1, 0, 0, 0, 0, 0.0, 0, 0, 0], [0, 0, 1, 0, 0, 0, -1, 0, 0, 0, 0, 0.0, 0, 0, 0], [0, 0, 1, 0, 0, 0, -1, 0, 0, 0, 0, 0.0, 0, 0, 0], [0, 0, 1, 0, 0, 0, -1, 0, 0, 0, 0, 0.0, 0, 0, 0], [0, 0, 1, 0, 0, 0, -1, 0, 0, 0, 0, 0.0, 0, 0, 0], [0, 0, 2, 0, 0, 0, -1, 0, 0, 0, 0, 0.0, 0, 0, 0], [0, 0, 2, 0, 0, 0, -1, 0, 0, 0, 0, 0.0, 0, 0, 0], [0, 0, 2, 0, 0, 0, -1, 0, 0, 0, 0, 0.0, 0, 0, 0], [0, 0, 1, 0, 0, 0, -1, 0, 0, 0, 1, 0.0, 0, 1, 0], [0, 0, 1, 1, 0, 1, 0, 0, 0, 0, 0, 0.0, 0, 1, 0], [0, 0, 1, 0, 0, 0, -1, 0, 0, 0, 0, 0.0, 0, 0, 0], [0, 0, 1, 1, 0, 1, 0, 0, 0, 0, 0, 0.0, 0, 0, 0], [0, 0, 1, 0, 0, 0, -1, 0, 0, 0, 0, 0.0, 0, 0, 0], [0, 0, 1, 0, 0, 0, -1, 0, 0, 0, 0, 0.0, 0, 0, 0], [0, 0, 1, 0, 0, 0, -1, 0, 0, 0, 0, 0.0, 0, 0, 0], [0, 0, 1, 1, 0, 1, 0, 0, 0, 0, 0, 0.0, 0, 0, 0], [0, 0, 1, 0, 0, 0, -1, 0, 0, 0, 0, 0.0, 0, 0, 0], [0, 0, 1, 0, 0, 0, -1, 0, 0, 0, 0, 0.0, 0, 0, 0], [0, 0, 1, 0, 0, 0, -1, 0, 0, 0, 0, 0.0, 0, 0, 0], [0, 0, 1, 0, 0, 0, -1, 0, 0, 0, 0, 0.0, 0, 0, 0], [0, 0, 1, 0, 0, 0, -1, 0, 0, 0, 0, 0.0, 0, 0, 0], [0, 0, 1, 1, 0, 1, 0, 0, 0, 0, 0, 0.0, 0, 0, 0], [0, 0, 1, 1, 0, 1, 0, 0, 0, 0, 0, 0.0, 0, 0, 0], [0, 0, 1, 1, 0, 1, 0, 0, 0, 0, 0, 0.0, 0, 0, 0], [0, 0, 1, 0, 0, 0, -1, 0, 0, 0, 0, 0.0, 0, 0, 0], [0, 0, 1, 0, 0, 0, -1, 0, 0, 0, 0, 0.0, 0, 0, 0], [1, 0, 1, 0, 0, 0, -1, 1, 1, 1, 1, 0.0, 0, 1, 0], [1, 0, 1, 0, 0, 0, -1, 1, 1, 1, 1, 0.0, 0, 1, 1], [0, 0, 1, 0, 0, 0, -1, 0, 0, 0, 0, 0.0, 0, 0, 0], [0, 0, 1, 0, 0, 0, -1, 0, 0, 0, 0, 0.0, 0, 0, 0], [0, 0, 3, 0, 0, 0, -1, 0, 0, 0, 0, 0.0, 0, 0, 0], [0, 0, 3, 0, 0, 0, -1, 0, 0, 0, 0, 0.0, 0, 0, 0], [0, 0, 3, 0, 0, 0, -1, 0, 0, 0, 0, 0.0, 0, 0, 0], [0, 0, 3, 0, 0, 0, -1, 0, 0, 0, 0, 0.0, 0, 0, 0], [0, 0, 1, 0, 0, 0, -1, 0, 0, 0, 0, 0.0, 0, 0, 0], [0, 0, 1, 0, 0, 0, -1, 0, 0, 0, 0, 0.0, 0, 0, 0], [0, 0, 1, 1, 0, 1, 0, 0, 0, 0, 0, 0.0, 0, 0, 0], [0, 0, 1, 0, 0, 0, -1, 0, 0, 0, 0, 0.0, 0, 0, 0], [0, 0, 1, 0, 0, 0, -1, 0, 0, 0, 0, 0.0, 0, 0, 0], [0, 0, 1, 0, 0, 0, -1, 0, 0, 0, 0, 0.0, 0, 0, 0], [0, 0, 1, 1, 0, 1, 0, 0, 0, 0, 0, 0.0, 0, 0, 0], [0, 0, 1, 1, 0, 1, 0, 0, 0, 0, 0, 0.0, 0, 0, 0], [0, 0, 2, 0, 0, 0, -1, 0, 0, 0, 0, 0.0, 0, 0, 0], [0, 0, 2, 0, 0, 1, 0, 0, 0, 0, 0, 1.0, 1, 0, 0], [0, 0, 2, 0, 0, 0, -1, 0, 0, 0, 0, 0.0, 0, 0, 0], [0, 0, 4, 0, 0, 0, -1, 0, 0, 0, 0, 0.0, 0, 0, 0], [0, 0, 4, 0, 0, 0, -1, 0, 0, 0, 0, 0.0, 0, 0, 0], [0, 0, 4, 0, 0, 0, -1, 0, 0, 0, 0, 0.0, 0, 0, 0], [0, 0, 4, 0, 0, 0, -1, 0, 0, 0, 0, 0.0, 0, 0, 0], [0, 0, 4, 0, 0, 0, -1, 0, 0, 0, 0, 0.0, 0, 0, 0], [0, 0, 1, 0, 0, 0, -1, 0, 0, 0, 0, 0.0, 0, 0, 0], [0, 0, 1, 0, 0, 0, -1, 0, 0, 0, 0, 0.0, 0, 0, 0], [0, 0, 2, 0, 0, 0, -1, 0, 0, 0, 0, 0.0, 0, 0, 0], [0, 0, 2, 0, 0, 0, -1, 0, 0, 0, 0, 0.0, 0, 0, 0], [0, 0, 2, 0, 0, 0, -1, 0, 0, 0, 0, 0.0, 0, 0, 0], [0, 0, 3, 0, 0, 0, -1, 0, 0, 0, 0, 0.0, 0, 0, 0], [0, 0, 3, 0, 0, 0, -1, 0, 0, 0, 0, 0.0, 0, 0, 0], [0, 0, 3, 0, 0, 0, -1, 0, 0, 0, 0, 0.0, 0, 0, 0], [0, 0, 3, 0, 0, 0, -1, 0, 0, 0, 0, 0.0, 0, 0, 0], [0, 0, 1, 0, 0, 0, -1, 0, 0, 0, 0, 0.0, 0, 0, 0], [0, 0, 1, 0, 0, 0, -1, 0, 0, 0, 0, 0.0, 0, 0, 0], [0, 0, 1, 0, 0, 0, -1, 0, 0, 0, 0, 0.0, 0, 1, 1], [0, 0, 1, 0, 0, 1, 0, 0, 0, 0, 0, 1.0, 1, 0, 0], [0, 0, 1, 1, 0, 1, 0, 0, 0, 0, 0, 0.0, 0, 0, 0], [0, 0, 1, 1, 0, 1, 0, 0, 0, 0, 0, 0.0, 0, 0, 0], [0, 0, 1, 1, 0, 1, 0, 0, 0, 0, 0, 0.0, 0, 0, 0], [0, 0, 1, 0, 0, 0, -1, 0, 0, 0, 0, 0.0, 0, 0, 0], [0, 0, 1, 0, 0, 0, -1, 0, 0, 0, 0, 0.0, 0, 0, 0], [0, 0, 1, 0, 0, 0, -1, 0, 0, 0, 0, 0.0, 0, 0, 0], [0, 0, 1, 0, 0, 1, 0, 0, 0, 0, 0, 1.0, 1, 0, 0], [0, 0, 1, 0, 0, 0, -1, 0, 0, 0, 0, 0.0, 0, 0, 0], [0, 0, 2, 0, 0, 0, -1, 0, 0, 0, 0, 0.0, 0, 0, 0], [0, 0, 2, 0, 0, 0, -1, 0, 0, 0, 0, 0.0, 0, 0, 0], [0, 0, 2, 1, 0, 1, 0, 0, 0, 0, 0, 0.0, 0, 0, 0], [0, 0, 1, 1, 0, 1, 0, 0, 0, 0, 0, 0.0, 0, 0, 0], [0, 0, 1, 0, 0, 0, -1, 0, 0, 0, 0, 0.0, 0, 0, 0], [0, 0, 1, 0, 0, 0, -1, 0, 0, 0, 0, 0.0, 0, 0, 0], [0, 0, 1, 0, 0, 0, -1, 0, 0, 0, 0, 0.0, 0, 0, 0], [0, 0, 1, 0, 0, 0, -1, 0, 0, 0, 0, 0.0, 0, 0, 0], [0, 0, 1, 0, 0, 1, 0, 0, 0, 0, 0, 1.0, 1, 0, 0], [0, 0, 1, 0, 0, 0, -1, 0, 0, 0, 0, 0.0, 0, 0, 0], [0, 0, 1, 1, 0, 1, 0, 0, 0, 0, 0, 0.0, 0, 0, 0], [0, 0, 1, 1, 0, 1, 0, 0, 0, 0, 0, 0.0, 0, 0, 0], [0, 0, 1, 1, 0, 1, 0, 0, 0, 0, 0, 0.0, 0, 0, 0], [0, 0, 1, 1, 0, 1, 0, 0, 0, 0, 0, 0.0, 0, 0, 0], [0, 0, 1, 1, 0, 1, 0, 0, 0, 0, 0, 0.0, 0, 0, 0], [0, 0, 2, 0, 0, 0, -1, 0, 0, 0, 0, 0.0, 0, 0, 0], [0, 0, 2, 0, 0, 0, -1, 0, 0, 0, 0, 0.0, 0, 0, 0], [0, 0, 2, 1, 0, 1, 0, 0, 0, 0, 0, 0.0, 0, 0, 0], [0, 0, 1, 0, 0, 0, -1, 0, 0, 0, 0, 0.0, 0, 0, 0], [0, 0, 1, 0, 0, 0, -1, 0, 0, 0, 0, 0.0, 0, 0, 0], [0, 0, 4, 0, 0, 0, -1, 0, 0, 0, 0, 0.0, 0, 0, 0], [0, 0, 4, 0, 0, 0, -1, 0, 0, 0, 0, 0.0, 0, 0, 0], [0, 0, 4, 0, 0, 0, -1, 0, 0, 0, 0, 0.0, 0, 0, 0], [0, 0, 4, 0, 0, 0, -1, 0, 0, 0, 0, 0.0, 0, 0, 0], [0, 0, 4, 0, 0, 0, -1, 0, 0, 0, 0, 0.0, 0, 0, 0], [0, 0, 1, 0, 0, 0, -1, 0, 0, 0, 0, 0.0, 0, 0, 0], [0, 0, 1, 1, 0, 1, 0, 0, 0, 0, 0, 0.0, 0, 0, 0], [0, 0, 1, 0, 0, 0, -1, 0, 0, 0, 0, 0.0, 0, 0, 0], [0, 0, 1, 0, 0, 0, -1, 0, 0, 0, 0, 0.0, 0, 0, 0], [0, 0, 1, 0, 0, 0, -1, 0, 0, 0, 0, 0.0, 0, 0, 0], [0, 0, 1, 1, 0, 1, 0, 0, 0, 0, 0, 0.0, 0, 0, 0], [0, 0, 1, 1, 0, 1, 0, 0, 0, 0, 0, 0.0, 0, 0, 0], [0, 0, 1, 1, 0, 1, 0, 0, 0, 0, 0, 0.0, 0, 0, 0], [0, 0, 2, 0, 0, 0, -1, 0, 0, 0, 0, 0.0, 0, 0, 0], [0, 0, 2, 0, 0, 0, -1, 0, 0, 0, 0, 0.0, 0, 0, 0], [0, 0, 2, 0, 0, 0, -1, 0, 0, 0, 0, 0.0, 0, 0, 0], [0, 0, 1, 0, 0, 0, -1, 0, 0, 0, 0, 0.0, 0, 0, 0], [0, 0, 1, 0, 0, 0, -1, 0, 0, 0, 0, 0.0, 0, 0, 0], [0, 0, 1, 0, 0, 0, -1, 0, 0, 0, 0, 0.0, 0, 0, 0], [0, 0, 1, 0, 0, 0, -1, 0, 0, 0, 0, 0.0, 0, 0, 0], [0, 0, 1, 0, 0, 0, -1, 0, 0, 0, 0, 0.0, 0, 0, 0], [0, 0, 1, 0, 0, 0, -1, 0, 0, 0, 0, 0.0, 0, 0, 0], [0, 0, 1, 0, 0, 0, -1, 0, 0, 0, 0, 0.0, 0, 0, 0], [0, 0, 1, 0, 0, 0, -1, 0, 0, 0, 0, 0.0, 0, 0, 0], [0, 0, 1, 1, 0, 1, 0, 0, 0, 0, 0, 0.0, 0, 0, 0], [0, 0, 1, 0, 0, 0, -1, 0, 0, 0, 0, 0.0, 0, 0, 0], [0, 0, 1, 0, 0, 0, -1, 0, 0, 0, 0, 0.0, 0, 0, 0], [0, 0, 1, 0, 0, 0, -1, 0, 0, 0, 0, 0.0, 0, 0, 0], [0, 0, 1, 0, 0, 0, -1, 0, 0, 0, 0, 0.0, 0, 0, 0], [0, 0, 1, 0, 0, 0, -1, 0, 0, 0, 0, 0.0, 0, 0, 0], [0, 0, 1, 0, 0, 0, -1, 0, 0, 0, 0, 0.0, 0, 0, 0], [0, 0, 1, 0, 0, 1, 0, 0, 0, 0, 0, 1.0, 1, 0, 0], [0, 0, 1, 1, 0, 1, 0, 0, 0, 0, 0, 0.0, 0, 0, 0], [0, 0, 1, 0, 0, 0, -1, 0, 0, 0, 0, 0.0, 0, 0, 0], [0, 0, 2, 1, 0, 1, 1, 0, 0, 0, 0, 0.0, 0, 0, 0], [0, 0, 2, 1, 0, 1, 1, 0, 0, 0, 0, 0.0, 0, 0, 0], [0, 0, 2, 0, 0, 1, 0, 0, 0, 0, 0, 0.16666666666666666, 6, 0, 0], [0, 0, 3, 0, 0, 0, -1, 0, 0, 0, 0, 0.0, 0, 0, 0], [0, 0, 3, 0, 0, 0, -1, 0, 0, 0, 0, 0.0, 0, 0, 0], [0, 0, 3, 0, 0, 0, -1, 0, 0, 0, 0, 0.0, 0, 0, 0], [0, 0, 3, 0, 0, 0, -1, 0, 0, 0, 0, 0.0, 0, 0, 0], [0, 0, 1, 0, 0, 0, -1, 0, 0, 0, 0, 0.0, 0, 0, 0], [0, 0, 1, 1, 0, 1, 0, 0, 0, 0, 0, 0.0, 0, 0, 0], [0, 0, 1, 0, 0, 0, -1, 0, 0, 0, 0, 0.0, 0, 0, 0], [0, 0, 1, 1, 0, 1, 0, 0, 0, 0, 0, 0.0, 0, 0, 0], [0, 0, 1, 0, 0, 0, -1, 0, 0, 0, 0, 0.0, 0, 0, 0], [0, 0, 1, 0, 0, 0, -1, 0, 0, 0, 0, 0.0, 0, 0, 0], [0, 0, 1, 0, 0, 0, -1, 0, 0, 0, 0, 0.0, 0, 0, 0], [0, 0, 1, 0, 0, 0, -1, 0, 0, 0, 0, 0.0, 0, 0, 0], [0, 0, 1, 0, 0, 0, -1, 0, 0, 0, 0, 0.0, 0, 0, 0], [0, 0, 1, 0, 0, 0, -1, 0, 0, 0, 0, 0.0, 0, 0, 0], [0, 0, 1, 0, 0, 0, -1, 0, 0, 0, 0, 0.0, 0, 0, 0], [0, 0, 1, 0, 0, 0, -1, 0, 0, 0, 0, 0.0, 0, 0, 0], [0, 0, 1, 1, 0, 1, 0, 0, 0, 0, 0, 0.0, 0, 0, 0], [0, 0, 1, 1, 0, 1, 0, 0, 0, 0, 0, 0.0, 0, 0, 0], [0, 0, 2, 0, 0, 0, -1, 0, 0, 0, 0, 0.0, 0, 0, 0], [0, 0, 2, 0, 0, 0, -1, 0, 0, 0, 0, 0.0, 0, 0, 0], [0, 0, 2, 0, 0, 0, -1, 0, 0, 0, 0, 0.0, 0, 0, 0], [0, 0, 1, 0, 0, 0, -1, 0, 0, 0, 0, 0.0, 0, 0, 0], [0, 0, 1, 0, 0, 0, -1, 0, 0, 0, 0, 0.0, 0, 0, 0], [0, 0, 6, 0, 0, 0, -1, 0, 0, 0, 0, 0.0, 0, 0, 0], [0, 0, 6, 0, 0, 0, -1, 0, 0, 0, 0, 0.0, 0, 0, 0], [0, 0, 6, 0, 0, 0, -1, 0, 0, 0, 0, 0.0, 0, 0, 0], [0, 0, 6, 0, 0, 0, -1, 0, 0, 0, 0, 0.0, 0, 0, 0], [0, 0, 6, 0, 0, 0, -1, 0, 0, 0, 0, 0.0, 0, 0, 0], [0, 0, 6, 0, 0, 0, -1, 0, 0, 0, 0, 0.0, 0, 0, 0], [0, 0, 6, 0, 0, 0, -1, 0, 0, 0, 0, 0.0, 0, 0, 0], [0, 0, 6, 0, 0, 0, -1, 0, 0, 0, 0, 0.0, 0, 0, 0], [0, 0, 6, 0, 0, 0, -1, 0, 0, 0, 0, 0.0, 0, 0, 0], [0, 0, 6, 0, 0, 0, -1, 0, 0, 0, 0, 0.0, 0, 0, 0], [0, 0, 6, 0, 0, 0, -1, 0, 0, 0, 0, 0.0, 0, 0, 0], [0, 0, 6, 0, 0, 0, -1, 0, 0, 0, 0, 0.0, 0, 0, 0], [0, 0, 6, 0, 0, 0, -1, 0, 0, 0, 0, 0.0, 0, 0, 0], [0, 0, 6, 0, 0, 0, -1, 0, 0, 0, 0, 0.0, 0, 0, 0], [0, 0, 6, 0, 0, 0, -1, 0, 0, 0, 0, 0.0, 0, 0, 0], [0, 0, 6, 0, 0, 0, -1, 0, 0, 0, 0, 0.0, 0, 0, 0], [0, 0, 6, 0, 0, 0, -1, 0, 0, 0, 0, 0.0, 0, 0, 0], [0, 0, 6, 0, 0, 0, -1, 0, 0, 0, 0, 0.0, 0, 0, 0], [0, 0, 6, 0, 0, 0, -1, 0, 0, 0, 0, 0.0, 0, 0, 0], [0, 0, 1, 0, 0, 0, -1, 0, 0, 0, 0, 0.0, 0, 0, 0], [0, 0, 1, 0, 0, 1, 0, 0, 0, 0, 0, 1.0, 1, 0, 0], [0, 0, 1, 0, 0, 0, -1, 0, 0, 0, 0, 0.0, 0, 0, 0], [0, 0, 1, 0, 0, 0, -1, 0, 0, 0, 0, 0.0, 0, 0, 0], [0, 0, 1, 1, 0, 1, 0, 0, 0, 0, 0, 0.0, 0, 0, 0], [0, 0, 1, 0, 0, 0, -1, 0, 0, 0, 0, 0.0, 0, 0, 0], [0, 0, 1, 0, 0, 0, -1, 0, 0, 0, 0, 0.0, 0, 0, 0], [0, 0, 1, 0, 0, 0, -1, 0, 0, 0, 0, 0.0, 0, 0, 0], [0, 0, 1, 0, 0, 0, -1, 0, 0, 0, 0, 0.0, 0, 0, 0], [0, 0, 1, 0, 0, 0, -1, 0, 0, 0, 0, 0.0, 0, 0, 0], [0, 0, 1, 0, 0, 0, -1, 0, 0, 0, 0, 0.0, 0, 0, 0], [0, 0, 1, 1, 0, 1, 0, 0, 0, 0, 0, 0.0, 0, 0, 0], [0, 0, 1, 0, 0, 0, -1, 0, 0, 0, 0, 0.0, 0, 0, 0], [0, 0, 1, 0, 0, 0, -1, 0, 0, 0, 0, 0.0, 0, 0, 0], [0, 0, 1, 1, 0, 1, 0, 0, 0, 0, 0, 0.0, 0, 0, 0], [0, 0, 1, 0, 0, 1, 0, 0, 0, 0, 0, 1.0, 1, 0, 0], [0, 0, 1, 0, 0, 0, -1, 0, 0, 0, 0, 0.0, 0, 0, 0], [0, 0, 1, 0, 0, 0, -1, 0, 0, 0, 0, 0.0, 0, 0, 0], [1, 0, 1, 0, 0, 0, -1, 1, 1, 1, 1, 0.0, 0, 1, 0], [1, 0, 1, 0, 0, 0, -1, 1, 1, 1, 1, 0.0, 0, 1, 1], [0, 0, 6, 0, 0, 0, -1, 0, 0, 0, 0, 0.0, 0, 0, 0], [0, 0, 6, 0, 0, 0, -1, 0, 0, 0, 0, 0.0, 0, 0, 0], [0, 0, 6, 0, 0, 0, -1, 0, 0, 0, 0, 0.0, 0, 0, 0], [0, 0, 6, 0, 0, 0, -1, 0, 0, 0, 0, 0.0, 0, 0, 0], [0, 0, 6, 0, 0, 0, -1, 0, 0, 0, 0, 0.0, 0, 0, 0], [0, 0, 6, 0, 0, 0, -1, 0, 0, 0, 0, 0.0, 0, 0, 0], [0, 0, 6, 0, 0, 0, -1, 0, 0, 0, 0, 0.0, 0, 0, 0], [0, 0, 6, 0, 0, 0, -1, 0, 0, 0, 0, 0.0, 0, 0, 0], [0, 0, 6, 0, 0, 0, -1, 0, 0, 0, 0, 0.0, 0, 0, 0], [0, 0, 6, 0, 0, 0, -1, 0, 0, 0, 0, 0.0, 0, 0, 0], [0, 0, 1, 1, 0, 1, 0, 0, 0, 0, 0, 0.0, 0, 0, 0], [0, 0, 1, 1, 0, 1, 0, 0, 0, 0, 0, 0.0, 0, 0, 0], [0, 0, 1, 0, 0, 0, -1, 0, 0, 0, 0, 0.0, 0, 0, 0], [0, 0, 1, 0, 0, 0, -1, 0, 0, 0, 0, 0.0, 0, 0, 0], [0, 0, 1, 0, 0, 0, -1, 0, 0, 0, 0, 0.0, 0, 0, 0], [0, 0, 1, 1, 0, 1, 0, 0, 0, 0, 0, 0.0, 0, 0, 0], [0, 0, 1, 1, 0, 1, 0, 0, 0, 0, 0, 0.0, 0, 0, 0], [0, 0, 1, 1, 0, 1, 0, 0, 0, 0, 0, 0.0, 0, 0, 0], [0, 0, 3, 0, 0, 0, -1, 0, 0, 0, 0, 0.0, 0, 0, 0], [0, 0, 3, 0, 0, 0, -1, 0, 0, 0, 0, 0.0, 0, 0, 0], [0, 0, 3, 0, 0, 0, -1, 0, 0, 0, 0, 0.0, 0, 0, 0], [0, 0, 3, 0, 0, 0, -1, 0, 0, 0, 0, 0.0, 0, 0, 0], [0, 0, 2, 0, 0, 0, -1, 0, 0, 0, 0, 0.0, 0, 0, 0], [0, 0, 2, 0, 0, 0, -1, 0, 0, 0, 0, 0.0, 0, 0, 0], [0, 0, 2, 0, 0, 0, -1, 0, 0, 0, 0, 0.0, 0, 0, 0], [0, 0, 1, 1, 0, 1, 0, 0, 0, 0, 0, 0.0, 0, 0, 0], [0, 0, 1, 1, 0, 1, 0, 0, 0, 0, 0, 0.0, 0, 0, 0], [0, 0, 4, 0, 0, 0, -1, 0, 0, 0, 0, 0.0, 0, 0, 0], [0, 0, 4, 0, 0, 0, -1, 0, 0, 0, 0, 0.0, 0, 0, 0], [0, 0, 4, 0, 0, 0, -1, 0, 0, 0, 0, 0.0, 0, 0, 0], [0, 0, 4, 0, 0, 0, -1, 0, 0, 0, 0, 0.0, 0, 0, 0], [0, 0, 4, 0, 0, 0, -1, 0, 0, 0, 0, 0.0, 0, 0, 0], [0, 0, 1, 1, 0, 1, 0, 0, 0, 0, 0, 0.0, 0, 0, 0], [0, 0, 1, 1, 0, 1, 0, 0, 0, 0, 0, 0.0, 0, 0, 0], [0, 0, 1, 0, 0, 0, -1, 0, 0, 0, 0, 0.0, 0, 0, 0], [0, 0, 1, 0, 0, 0, -1, 0, 0, 0, 0, 0.0, 0, 0, 0], [0, 0, 1, 1, 0, 1, 0, 0, 0, 0, 0, 0.0, 0, 0, 0], [0, 0, 1, 0, 0, 0, -1, 0, 0, 0, 0, 0.0, 0, 0, 0], [0, 0, 2, 0, 0, 0, -1, 0, 0, 0, 0, 0.0, 0, 0, 0], [0, 0, 2, 0, 0, 0, -1, 0, 0, 0, 0, 0.0, 0, 0, 0], [0, 0, 2, 0, 0, 0, -1, 0, 0, 0, 0, 0.0, 0, 0, 0], [0, 0, 2, 0, 0, 0, -1, 0, 0, 0, 0, 0.0, 0, 0, 0], [0, 0, 2, 0, 0, 0, -1, 0, 0, 0, 0, 0.0, 0, 0, 0], [0, 0, 2, 0, 0, 0, -1, 0, 0, 0, 0, 0.0, 0, 0, 0], [0, 0, 6, 0, 0, 0, -1, 0, 0, 0, 0, 0.0, 0, 0, 0], [0, 0, 6, 0, 0, 0, -1, 0, 0, 0, 0, 0.0, 0, 0, 0], [0, 0, 6, 0, 0, 0, -1, 0, 0, 0, 0, 0.0, 0, 0, 0], [0, 0, 6, 0, 0, 0, -1, 0, 0, 0, 0, 0.0, 0, 0, 0], [0, 0, 6, 0, 0, 0, -1, 0, 0, 0, 0, 0.0, 0, 0, 0], [0, 0, 6, 0, 0, 0, -1, 0, 0, 0, 0, 0.0, 0, 0, 0], [0, 0, 6, 0, 0, 0, -1, 0, 0, 0, 0, 0.0, 0, 0, 0], [0, 0, 6, 1, 0, 1, 0, 0, 0, 0, 0, 0.0, 0, 0, 0], [0, 0, 6, 0, 0, 0, -1, 0, 0, 0, 0, 0.0, 0, 0, 0], [0, 1, 6, 0, 0, 0, -1, 0, 0, 0, 0, 0.0, 0, 0, 0], [0, 1, 6, 0, 0, 0, -1, 0, 0, 0, 0, 0.0, 0, 0, 0], [0, 0, 6, 0, 0, 0, -1, 0, 0, 0, 0, 0.0, 0, 0, 0], [0, 1, 6, 0, 0, 0, -1, 0, 0, 0, 0, 0.0, 0, 0, 0], [0, 0, 6, 0, 0, 0, -1, 0, 0, 0, 0, 0.0, 0, 0, 0], [0, 0, 6, 0, 0, 0, -1, 0, 0, 0, 0, 0.0, 0, 0, 0], [0, 0, 6, 0, 0, 0, -1, 0, 0, 0, 0, 0.0, 0, 0, 0], [0, 0, 6, 0, 0, 0, -1, 0, 0, 0, 0, 0.0, 0, 0, 0], [0, 0, 6, 0, 0, 0, -1, 0, 0, 0, 0, 0.0, 0, 0, 0], [0, 0, 4, 0, 0, 0, -1, 0, 0, 0, 0, 0.0, 0, 0, 0], [0, 0, 4, 0, 0, 0, -1, 0, 0, 0, 0, 0.0, 0, 0, 0], [0, 0, 4, 0, 0, 0, -1, 0, 0, 0, 0, 0.0, 0, 0, 0], [0, 0, 4, 0, 0, 0, -1, 0, 0, 0, 0, 0.0, 0, 0, 0], [0, 0, 4, 0, 0, 0, -1, 0, 0, 0, 0, 0.0, 0, 0, 0], [0, 0, 1, 0, 0, 0, -1, 0, 0, 0, 0, 0.0, 0, 0, 0], [0, 0, 1, 1, 0, 1, 0, 0, 0, 0, 0, 0.0, 0, 0, 0], [0, 0, 2, 0, 0, 0, -1, 0, 0, 0, 0, 0.0, 0, 0, 0], [0, 0, 2, 0, 0, 0, -1, 0, 0, 0, 0, 0.0, 0, 0, 0], [0, 0, 2, 0, 0, 0, -1, 0, 0, 0, 0, 0.0, 0, 0, 0], [0, 0, 1, 1, 0, 1, 0, 0, 0, 0, 0, 0.0, 0, 0, 0], [0, 0, 1, 0, 0, 0, -1, 0, 0, 0, 0, 0.0, 0, 0, 0], [0, 0, 1, 0, 0, 0, -1, 0, 0, 0, 0, 0.0, 0, 0, 0], [0, 0, 1, 0, 0, 0, -1, 0, 0, 0, 0, 0.0, 0, 0, 0], [0, 0, 3, 0, 0, 0, -1, 0, 0, 0, 0, 0.0, 0, 0, 0], [0, 0, 3, 0, 0, 0, -1, 0, 0, 0, 0, 0.0, 0, 0, 0], [0, 0, 3, 1, 0, 1, 0, 0, 0, 0, 0, 0.0, 0, 0, 0], [0, 0, 3, 0, 0, 0, -1, 0, 0, 0, 0, 0.0, 0, 0, 0], [0, 0, 4, 0, 0, 0, -1, 0, 0, 0, 0, 0.0, 0, 0, 0], [0, 0, 4, 0, 0, 0, -1, 0, 0, 0, 0, 0.0, 0, 0, 0], [0, 0, 4, 0, 0, 0, -1, 0, 0, 0, 0, 0.0, 0, 0, 0], [0, 0, 4, 0, 0, 0, -1, 0, 0, 0, 0, 0.0, 0, 0, 0], [0, 0, 4, 0, 0, 0, -1, 0, 0, 0, 0, 0.0, 0, 0, 0], [0, 0, 5, 0, 0, 0, -1, 0, 0, 0, 0, 0.0, 0, 0, 0], [0, 0, 5, 0, 0, 0, -1, 0, 0, 0, 0, 0.0, 0, 0, 0], [0, 0, 5, 0, 0, 0, -1, 0, 0, 0, 0, 0.0, 0, 0, 0], [0, 0, 5, 0, 0, 0, -1, 0, 0, 0, 0, 0.0, 0, 0, 0], [0, 0, 5, 0, 0, 0, -1, 0, 0, 0, 0, 0.0, 0, 0, 0], [0, 0, 5, 0, 0, 0, -1, 0, 0, 0, 0, 0.0, 0, 0, 0], [0, 0, 1, 0, 0, 0, -1, 0, 0, 0, 0, 0.0, 0, 0, 0], [0, 0, 1, 1, 0, 1, 0, 0, 0, 0, 0, 0.0, 0, 0, 0], [0, 0, 2, 1, 0, 1, 0, 0, 0, 0, 0, 0.0, 0, 0, 0], [0, 0, 2, 1, 0, 1, 0, 0, 0, 0, 0, 0.0, 0, 0, 0], [0, 0, 2, 1, 0, 1, 0, 0, 0, 0, 0, 0.0, 0, 0, 0]]}
{
  "overall": "NO_TASK",
  "gates": {
    "G_arc_enc_frozen": true,
    "G_ink_verified": true,
    "G_task_exists": false,
    "G_exact_algebra_matches_tape": true,
    "G_lookup_beats_floor": false,
    "G_lookup_beats_counts_paired": false,
    "G_lookup_beats_retrieval_paired": false,
    "G_phi_orders_negatives": false
  },
  "lookup": {},
  "paired": {
    "model_only_right": 0,
    "rival_only_right": 0,
    "discordant": 0,
    "mcnemar_z": NaN
  },
  "ladder": {
    "n_questions": 0,
    "pairs": 0,
    "concordant": 0,
    "ties_excluded": 0,
    "import_budget_zero_rate": 0.0,
    "import_budget_mean": 0.0,
    "concordance": NaN,
    "z_vs_half": NaN,
    "mean_phi": {
      "true": NaN,
      "near": NaN,
      "middle": NaN,
      "far": NaN
    }
  }
}
