Stage289 derivation start 2026-08-12T12:54:57.649447+00:00 device=cuda holdout=corpus
  lines: train 127626, eval 54697 (the probe reserves ANCHORS, not lines - see `reserved`)
  word rule matches stage194: True  (rule=ascii, fp=hash, ink=mean)
  hash ink deterministic and digest-faithful: True  {'anagram_cos': -0.0135, 'perm_fixed_points': 1}
  tape: 823 addresses, 2612 slots | questions {"lookup": 322, "count": 738} | params 5601
  ladder coverage: 0/322 lookup questions have all three rungs; the rest train on the task term alone
  probe pack: 320 reserved addresses (38s to build)
  probe tape: 200 lookup questions, never trained on; 1000 graphs cached (1 view(s)/question) in 2s
  probe eval: 0.68s x 60 = 0.7 min added to this run
  step 750/6000 train=-0.8822 probe=6.7340
  step 1500/6000 train=-0.8762 probe=7.7271
  step 2250/6000 train=-0.8687 probe=8.2155
  step 3000/6000 train=-0.8587 probe=8.4770
  step 3750/6000 train=-0.8825 probe=8.7834
  step 4500/6000 train=-0.8837 probe=9.2259
  step 5250/6000 train=-0.8800 probe=9.4118
  step 6000/6000 train=-0.8750 probe=9.9263
  early stop: restored step 100 (probe 3.3616) of 6000
  MIXED {"rival_threshold": 0.875660430206932, "held_out": {"n": 315, "answerable_rate": 0.473015873015873, "payoff_mind": 0.8817460317460317, "payoff_rival": 0.8507936507936508, "always_answer": -1.0, "always_silent": 0.8817460317460317, "found_rate": 0.0, "rival_found_rate": 0.348993288590604, "correct_silence": 1.0, "false_silence": 1.0, "found_where_rival_missed": 0, "missed_where_rival_found": 52, "paired_payoff": {"mind_better": 5, "rival_better": 0, "discordant": 5, "mcnemar_z": 2.23606797749979, "max_achievable_z": 2.23606797749979, "underpowered": false}}, "train_control": {"n": 516, "answerable_rate": 0.5038759689922481, "payoff_mind": 0.874031007751938, "payoff_rival": 0.875484496124031, "always_answer": -1.0, "always_silent": 0.874031007751938, "found_rate": 0.0, "rival_found_rate": 0.4, "correct_silence": 1.0, "false_silence": 1.0, "found_where_rival_missed": 0, "missed_where_rival_found": 104, "paired_payoff": {"mind_better": 0, "rival_better": 3, "discordant": 3, "mcnemar_z": -1.7320508075688774, "max_achievable_z": 1.7320508075688772, "underpowered": false}}}
  HELD {"count": {"n": 660, "model_accuracy": 1.0, "rival_accuracy": 1.0, "random_floor": 0.2000000000000016}, "lookup": {"n": 315, "model_accuracy": 0.526984126984127, "rival_accuracy": 0.0, "random_floor": 0.20000000000000112, "rival_cos_accuracy": NaN, "rival_cos_answered": 0}, "lookup_paired_vs_rival": {"model_only_right": 0, "rival_only_right": 0, "discordant": 0, "mcnemar_z": NaN}, "lookup_paired_vs_rival_cos": {"n": 0, "model_only_right": 0, "rival_only_right": 0, "discordant": 0, "mcnemar_z": NaN, "max_achievable_z": 0.0, "underpowered": true}, "lookup_paired_vs_rival_cos_by_margin": {"median_margin": NaN, "low_margin": {"n": 0, "model_only_right": 0, "rival_only_right": 0, "discordant": 0, "mcnemar_z": NaN, "max_achievable_z": 0.0, "underpowered": true}, "high_margin": {"n": 0, "model_only_right": 0, "rival_only_right": 0, "discordant": 0, "mcnemar_z": NaN, "max_achievable_z": 0.0, "underpowered": true}}, "ladder": {"n_questions": 0, "pairs": 0, "concordant": 0, "ties_excluded": 0, "import_budget_zero_rate": 0.0, "import_budget_mean": 0.0, "concordance": NaN, "z_vs_half": NaN, "mean_phi": {"true": NaN, "near": NaN, "middle": NaN, "far": NaN}}, "exact_mismatches": 0, "confusion": {"count|1->1": 377, "count|2->2": 188, "count|3->3": 37, "count|4->4": 22, "count|5+->5+": 36, "lookup|\u0000REFUSE->\u0000REFUSE": 166, "lookup|American->\u0000REFUSE": 4, "lookup|Anglo->\u0000REFUSE": 1, "lookup|Association->\u0000REFUSE": 2, "lookup|Australia->\u0000REFUSE": 1, "lookup|Australian->\u0000REFUSE": 1, "lookup|Austrian->\u0000REFUSE": 1, "lookup|Azerbaijan->\u0000REFUSE": 1, "lookup|Battle->\u0000REFUSE": 1, "lookup|Berlin->\u0000REFUSE": 1, "lookup|Birmingham->\u0000REFUSE": 2, "lookup|Black->\u0000REFUSE": 1, "lookup|Boston->\u0000REFUSE": 1, "lookup|Brigade->\u0000REFUSE": 1, "lookup|British->\u0000REFUSE": 1, "lookup|Caribbean->\u0000REFUSE": 1, "lookup|Chicago->\u0000REFUSE": 2, "lookup|Chief->\u0000REFUSE": 1, "lookup|Chinese->\u0000REFUSE": 3, "lookup|Class->\u0000REFUSE": 1, "lookup|Colorado->\u0000REFUSE": 1, "lookup|Court->\u0000REFUSE": 1, "lookup|Danish->\u0000REFUSE": 1, "lookup|Democrats->\u0000REFUSE": 1, "lookup|Detroit->\u0000REFUSE": 1, "lookup|Eastern->\u0000REFUSE": 1, "lookup|English->\u0000REFUSE": 5, "lookup|Europe->\u0000REFUSE": 5, "lookup|European->\u0000REFUSE": 1, "lookup|First->\u0000REFUSE": 1, "lookup|Frank->\u0000REFUSE": 1, "lookup|French->\u0000REFUSE": 1, "lookup|George->\u0000REFUSE": 1, "lookup|German->\u0000REFUSE": 1, "lookup|Graham->\u0000REFUSE": 1, "lookup|Grand->\u0000REFUSE": 1, "lookup|Greco->\u0000REFUSE": 2, "lookup|Greek->\u0000REFUSE": 1, "lookup|Group->\u0000REFUSE": 1, "lookup|House->\u0000REFUSE": 3, "lookup|Hungarian->\u0000REFUSE": 1, "lookup|Imperial->\u0000REFUSE": 1, "lookup|Indian->\u0000REFUSE": 1, "lookup|Infantry->\u0000REFUSE": 2, "lookup|Institute->\u0000REFUSE": 1, "lookup|James->\u0000REFUSE": 1, "lookup|Japan->\u0000REFUSE": 2, "lookup|Japanese->\u0000REFUSE": 3, "lookup|Kansas->\u0000REFUSE": 1, "lookup|Latin->\u0000REFUSE": 2, "lookup|London->\u0000REFUSE": 2, "lookup|Margaret->\u0000REFUSE": 1, "lookup|Mexico->\u0000REFUSE": 1, "lookup|Michigan->\u0000REFUSE": 1, "lookup|Middle->\u0000REFUSE": 2, "lookup|Moston->\u0000REFUSE": 1, "lookup|Naktong->\u0000REFUSE": 2, "lookup|National->\u0000REFUSE": 2, "lookup|Netherlands->\u0000REFUSE": 2, "lookup|Network->\u0000REFUSE": 1, "lookup|Nintendo->\u0000REFUSE": 1, "lookup|Norway->\u0000REFUSE": 1, "lookup|Order->\u0000REFUSE": 3, "lookup|Other->\u0000REFUSE": 1, "lookup|Outstanding->\u0000REFUSE": 1, "lookup|Panama->\u0000REFUSE": 1, "lookup|Peter->\u0000REFUSE": 2, "lookup|Pfeiffer->\u0000REFUSE": 1, "lookup|Portuguese->\u0000REFUSE": 3, "lookup|Prime->\u0000REFUSE": 1, "lookup|Region->\u0000REFUSE": 1, "lookup|Robert->\u0000REFUSE": 1, "lookup|Roman->\u0000REFUSE": 1, "lookup|Romania->\u0000REFUSE": 1, "lookup|Royal->\u0000REFUSE": 2, "lookup|Scotland->\u0000REFUSE": 1, "lookup|Scott->\u0000REFUSE": 2, "lookup|Second->\u0000REFUSE": 2, "lookup|Secretary->\u0000REFUSE": 2, "lookup|Senate->\u0000REFUSE": 1, "lookup|Serbia->\u0000REFUSE": 1, "lookup|Seven->\u0000REFUSE": 2, "lookup|South->\u0000REFUSE": 3, "lookup|Spain->\u0000REFUSE": 1, "lookup|Spanish->\u0000REFUSE": 1, "lookup|State->\u0000REFUSE": 1, "lookup|Supreme->\u0000REFUSE": 1, "lookup|Tennessee->\u0000REFUSE": 1, "lookup|Union->\u0000REFUSE": 1, "lookup|United->\u0000REFUSE": 6, "lookup|Victorian->\u0000REFUSE": 1, "lookup|Welsh->\u0000REFUSE": 1, "lookup|Western->\u0000REFUSE": 3, "lookup|Westminster->\u0000REFUSE": 2, "lookup|White->\u0000REFUSE": 1, "lookup|William->\u0000REFUSE": 1, "lookup|Winter->\u0000REFUSE": 2, "lookup|World->\u0000REFUSE": 1, "lookup|Yankees->\u0000REFUSE": 1, "lookup|Yugoslav->\u0000REFUSE": 1}, "_mixed": [[1, 1, 0, 0.460612123346403, 0], [1, 1, 0, 0.6574802323564343, 1], [0, 1, 0, 0.0007451650302433296, 0], [0, 1, 0, 0.06927134873668307, 0], [0, 1, 0, 0.01809953243090967, 0], [0, 1, 0, 0.6070604802596282, 0], [0, 1, 0, 0.8862888614920585, 0], [0, 1, 0, 0.40349338413492825, 0], [0, 1, 0, 0.05057437468645795, 0], [1, 1, 0, 0.5465524086718299, 1], [1, 1, 0, 0.17636746393272992, 0], [0, 1, 0, 0.01581213430132712, 0], [1, 1, 0, 0.1419274348258675, 0], [0, 1, 0, 0.16539447108581795, 0], [0, 1, 0, 0.2194785182032901, 0], [1, 1, 0, 0.25491575264198624, 0], [0, 1, 0, 0.12126652904108004, 0], [1, 1, 0, 0.024809897554244602, 0], [0, 1, 0, 0.1270322266203978, 0], [0, 1, 0, 0.08066274118483356, 0], [1, 1, 0, 0.30526310233840215, 1], [1, 1, 0, 0.8453732740410203, 0], [1, 1, 0, 0.04328674511979421, 1], [1, 1, 0, 0.08816277222155273, 0], [0, 1, 0, 0.18202035290376012, 0], [0, 1, 0, 0.840613236645298, 0], [0, 1, 0, 0.40480914181221717, 0], [0, 1, 0, 0.32285941652227357, 0], [0, 1, 0, 0.026260750768829985, 0], [0, 1, 0, 0.0003580666286613491, 0], [0, 1, 0, 0.7085431764660473, 0], [0, 1, 0, 0.6114239131259709, 0], [1, 1, 0, 0.198581991440314, 0], [1, 1, 0, 0.07691147689855116, 0], [0, 1, 0, 0.19491198092681028, 0], [1, 1, 0, 0.31801384476216804, 1], [0, 1, 0, 0.3619260806518005, 0], [1, 1, 0, 0.18579359371250362, 1], [1, 1, 0, 0.020410476320688778, 0], [1, 1, 0, 0.3301528146912984, 0], [0, 1, 0, 0.015287802690739236, 0], [1, 1, 0, 0.14732477106758105, 1], [1, 1, 0, 0.39315250307832805, 1], [1, 1, 0, 0.010166869569709521, 0], [0, 1, 0, 0.21823405004347574, 0], [1, 1, 0, 0.5020345982159832, 1], [1, 1, 0, 0.21374185717630462, 0], [0, 1, 0, 0.39972016351571693, 0], [0, 1, 0, 0.07886787523082638, 0], [0, 1, 0, 0.18797702465625973, 0], [0, 1, 0, 0.3189978250170842, 0], [0, 1, 0, 0.7005306270387822, 0], [1, 1, 0, 0.08838511197440165, 0], [0, 1, 0, 0.16490207957280678, 0], [0, 1, 0, 0.33675887050005926, 0], [1, 1, 0, 0.37145466342112443, 0], [0, 1, 0, 0.22019522823490775, 0], [0, 1, 0, 0.15031106061241928, 0], [1, 1, 0, 0.17706655638498064, 0], [1, 1, 0, 0.020090183283004832, 1], [1, 1, 0, 0.11509969622550754, 0], [1, 1, 0, 0.19607254971727228, 0], [1, 1, 0, 0.002407043343539786, 0], [1, 1, 0, 0.7620836864483076, 1], [0, 1, 0, 0.1917564800615073, 0], [0, 1, 0, 0.09908098961507215, 0], [0, 1, 0, 0.6837190558661257, 0], [0, 1, 0, 0.018950936214395264, 0], [0, 1, 0, 0.8814691986015947, 0], [1, 1, 0, 0.2598047185826921, 0], [0, 1, 0, 0.011153728325274165, 0], [1, 1, 0, 0.18367165939658575, 0], [0, 1, 0, 0.13980156880671976, 0], [0, 1, 0, 0.6161551061709163, 0], [0, 1, 0, 0.05578036012178055, 0], [1, 1, 0, 0.07799998814205916, 0], [0, 1, 0, 0.599713762627614, 0], [0, 1, 0, 0.1164822858094156, 0], [1, 1, 0, 0.08847584734208311, 0], [1, 1, 0, 0.2170725725899566, 0], [1, 1, 0, 0.20288407846713855, 0], [0, 1, 0, 0.7948408696693435, 0], [0, 1, 0, 0.6291818172082345, 0], [1, 1, 0, 0.08121884582237673, 1], [0, 1, 0, 0.47524129236535373, 0], [1, 1, 0, 0.08714961690926469, 1], [0, 1, 0, 0.31512954660604187, 0], [0, 1, 0, 0.052239523647652365, 0], [1, 1, 0, 0.18358677115083685, 0], [0, 1, 0, 0.07865022263202816, 0], [0, 1, 0, 0.35183935388013393, 0], [0, 1, 0, 0.08447078326293785, 0], [0, 1, 0, 0.2025793014654835, 0], [1, 1, 0, 0.07553842468500703, 1], [0, 1, 0, 0.9173943001180694, 0], [1, 1, 0, 0.034808948090701904, 0], [1, 1, 0, 0.3513039285266955, 1], [0, 1, 0, 0.21506762888544792, 0], [1, 1, 0, 0.6753640375004739, 0], [0, 1, 0, 0.0022348455546889485, 0], [1, 1, 0, 0.8755262463430067, 1], [0, 1, 0, 0.4689738080485992, 0], [0, 1, 0, 0.24912916102203564, 0], [1, 1, 0, 0.4916138634058697, 0], [0, 1, 0, 0.014259840713799826, 0], [0, 1, 0, 0.3874724998661041, 0], [0, 1, 0, 0.6030201769312462, 0], [1, 1, 0, 0.39599648680108573, 1], [1, 1, 0, 0.517797550473735, 0], [0, 1, 0, 0.25951402581730165, 0], [1, 1, 0, 0.3668425366461757, 0], [0, 1, 0, 0.052912291077991024, 0], [0, 1, 0, 0.2901354398414404, 0], [0, 1, 0, 0.5311480253061416, 0], [0, 1, 0, 0.3206939619006831, 0], [0, 1, 0, 0.15360759622453557, 0], [1, 1, 0, 0.36928666258815374, 1], [1, 1, 0, 0.302678262044842, 0], [1, 1, 0, 0.13038680764663865, 0], [1, 1, 0, 0.42948372898928894, 1], [0, 1, 0, 0.048393637320453105, 0], [0, 1, 0, 0.20721490710227214, 0], [1, 1, 0, 0.6281633362643897, 0], [1, 1, 0, 0.6370138240450518, 1], [0, 1, 0, 0.6124511217173128, 0], [0, 1, 0, 0.10556232924948224, 0], [1, 1, 0, 0.4892173809954838, 1], [0, 1, 0, 0.4050874185582771, 0], [1, 1, 0, 0.9315377553091425, 0], [1, 1, 0, 0.302815851541285, 0], [0, 1, 0, 0.5386908679840683, 0], [1, 1, 0, 0.044237721875092006, 0], [0, 1, 0, 0.46717930703096133, 0], [1, 1, 0, 0.022552781514723792, 0], [1, 1, 0, 0.01766196353309923, 1], [1, 1, 0, 0.3025939425991018, 0], [0, 1, 0, 0.14525358511797698, 0], [1, 1, 0, 0.11578514114035564, 1], [1, 1, 0, 0.018399604744273493, 1], [1, 1, 0, 0.5341259171067896, 1], [0, 1, 0, 0.015467782374775628, 0], [0, 1, 0, 0.23179112262893384, 0], [1, 1, 0, 0.18957917069411973, 0], [0, 1, 0, 0.39068933172508513, 0], [1, 1, 0, 0.09345726527496387, 0], [1, 1, 0, 0.0771890031803225, 0], [1, 1, 0, 0.021751458492411706, 1], [0, 1, 0, 0.23324874248320265, 0], [1, 1, 0, 0.14881681885985262, 0], [0, 1, 0, 0.6056907596161746, 0], [1, 1, 0, 0.13447330650103903, 0], [1, 1, 0, 0.09042039454629841, 1], [0, 1, 0, 0.2863312462701224, 0], [1, 1, 0, 0.654540649623618, 0], [0, 1, 0, 0.2816318481928331, 0], [0, 1, 0, 0.1001211309709791, 0], [0, 1, 0, 0.1704881898568676, 0], [0, 1, 0, 0.4499098665337739, 0], [0, 1, 0, 0.3518915099333017, 0], [1, 1, 0, 0.019328450217766184, 1], [0, 1, 0, 0.032836038742248226, 0], [1, 1, 0, 0.03624169204617663, 0], [0, 1, 0, 0.22810419551310854, 0], [1, 1, 0, 0.2666123048419614, 0], [0, 1, 0, 0.14113885278690866, 0], [1, 1, 0, 0.0751418412311789, 0], [1, 1, 0, 0.6226796005322608, 1], [0, 1, 0, 0.6739063842150107, 0], [0, 1, 0, 0.29140255059932674, 0], [1, 1, 0, 0.4334045174552405, 0], [0, 1, 0, 0.1539432422050324, 0], [1, 1, 0, 0.20122875073615756, 0], [0, 1, 0, 0.44052680569562536, 0], [1, 1, 0, 0.1664638881376029, 1], [0, 1, 0, 0.8509390767273766, 0], [0, 1, 0, 0.38190376850523994, 0], [0, 1, 0, 0.3781647876726005, 0], [0, 1, 0, 0.4123136590702395, 0], [1, 1, 0, 0.0812524367349426, 0], [0, 1, 0, 0.3580364911034992, 0], [0, 1, 0, 0.23583014515953374, 0], [0, 1, 0, 0.9087736087990147, 0], [0, 1, 0, 0.0723165725302697, 0], [0, 1, 0, 0.4978352243436436, 0], [0, 1, 0, 0.05790757899390131, 0], [1, 1, 0, 0.3796575347545855, 0], [1, 1, 0, 0.4220803615395586, 0], [1, 1, 0, 0.13927019883777417, 0], [1, 1, 0, 0.5676536135628066, 0], [0, 1, 0, 0.27009624692468237, 0], [0, 1, 0, 0.3462125745106316, 0], [1, 1, 0, 0.07940294338629199, 0], [1, 1, 0, 0.3241970105171737, 1], [0, 1, 0, 0.3612389967504474, 0], [1, 1, 0, 0.4725180660382904, 0], [0, 1, 0, 0.31115426616819264, 0], [0, 1, 0, 0.44730407179182236, 0], [0, 1, 0, 0.32323091700902795, 0], [0, 1, 0, 0.09649672843708897, 0], [0, 1, 0, 0.17964614091693473, 0], [0, 1, 0, 0.112397748771748, 0], [0, 1, 0, 0.11291420599320758, 0], [1, 1, 0, 0.17779445005484462, 1], [0, 1, 0, 0.09697499518646067, 0], [0, 1, 0, 0.5022625481095697, 0], [0, 1, 0, 0.1858168319212728, 0], [0, 1, 0, 0.19162096081554789, 0], [1, 1, 0, 0.0226214477230549, 0], [1, 1, 0, 0.09114893961341339, 1], [1, 1, 0, 0.1494358708651201, 0], [1, 1, 0, 0.793044249445246, 0], [1, 1, 0, 0.39950194702293207, 1], [1, 1, 0, 0.18668369473149335, 0], [1, 1, 0, 0.10828241660126744, 0], [1, 1, 0, 0.08501762004884202, 0], [1, 1, 0, 0.10601147639627606, 0], [0, 1, 0, 0.8383064667334186, 0], [1, 1, 0, 0.7890557718651341, 0], [1, 1, 0, 0.22678359507477638, 0], [0, 1, 0, 0.08733627990592124, 0], [1, 1, 0, 0.0531282394634733, 0], [0, 1, 0, 0.1361947246429767, 0], [1, 1, 0, 0.18331632226901115, 1], [1, 1, 0, 0.20873037990418605, 0], [1, 1, 0, 0.25541615557094033, 0], [0, 1, 0, 0.15558506081161222, 0], [0, 1, 0, 0.5496749561392509, 0], [1, 1, 0, 0.6703612047288716, 0], [1, 1, 0, 0.03228350756440976, 0], [0, 1, 0, 0.007356333333771946, 0], [0, 1, 0, 0.35964960877319024, 0], [1, 1, 0, 0.20191638087607733, 0], [1, 1, 0, 0.09219700224264508, 0], [1, 1, 0, 0.03341892197340627, 1], [1, 1, 0, 0.10784402866490934, 1], [1, 1, 0, 0.1450060157021743, 1], [0, 1, 0, 0.13485119028459183, 0], [0, 1, 0, 0.4044691355845324, 0], [0, 1, 0, 0.6748551450834201, 0], [1, 1, 0, 0.7317195724922013, 0], [1, 1, 0, 0.1478636629729714, 0], [1, 1, 0, 0.12557571190417252, 1], [1, 1, 0, 0.43733612318380777, 0], [1, 1, 0, 0.0693525196065767, 0], [0, 1, 0, 0.30640080214663074, 0], [0, 1, 0, 0.2727572301038686, 0], [1, 1, 0, 0.3918210506787903, 1], [0, 1, 0, 0.07641741111563523, 0], [1, 1, 0, 0.06216950184499567, 1], [0, 1, 0, 0.25761985539875715, 0], [1, 1, 0, 0.16681204989361179, 0], [0, 1, 0, 0.4462696573319424, 0], [0, 1, 0, 0.15328036961398436, 0], [0, 1, 0, 0.682793155025866, 0], [1, 1, 0, 0.7215048304255728, 1], [1, 1, 0, 0.33437698065937177, 0], [0, 1, 0, 0.3421823737288963, 0], [0, 1, 0, 0.1030832515044524, 0], [0, 1, 0, 0.02911982346260231, 0], [1, 1, 0, 0.03830326410437405, 0], [0, 1, 0, 0.2623578606414482, 0], [1, 1, 0, 0.500793617787482, 0], [0, 1, 0, 0.2717089311466742, 0], [0, 1, 0, 0.6715760505194481, 0], [1, 1, 0, 0.03964475697916934, 0], [0, 1, 0, 0.11797615164414545, 0], [1, 1, 0, 0.25956197852333895, 1], [0, 1, 0, 0.25647804429219084, 0], [0, 1, 0, 0.021171637327681157, 0], [1, 1, 0, 0.3491762309474837, 1], [0, 1, 0, 0.6710914869460429, 0], [1, 1, 0, 0.22442794764819718, 0], [0, 1, 0, 0.08566814121553717, 0], [0, 1, 0, 0.2851681424210909, 0], [0, 1, 0, 0.2906610424749934, 0], [0, 1, 0, 0.20331353127851687, 0], [0, 1, 0, 0.01571309686135047, 0], [0, 1, 0, 0.6979261056843641, 0], [1, 1, 0, 0.23459409809523069, 1], [0, 1, 0, 0.23851095432223757, 0], [1, 1, 0, 0.011857483784510394, 0], [0, 1, 0, 0.2544147458848229, 0], [1, 1, 0, 0.7908475037150834, 1], [1, 1, 0, 0.7097108987541336, 0], [1, 1, 0, 0.34277024313370513, 0], [1, 1, 0, 0.8382255655019015, 0], [0, 1, 0, 0.17358176167830666, 0], [1, 1, 0, 0.4261725990547604, 0], [1, 1, 0, 0.7703670779650617, 0], [1, 1, 0, 0.4307923990749791, 0], [1, 1, 0, 0.321547153429358, 1], [1, 1, 0, 0.05208699497707877, 1], [1, 1, 0, 0.6030196979746196, 1], [0, 1, 0, 0.10481453516399064, 0], [0, 1, 0, 0.3929283575937342, 0], [1, 1, 0, 0.16223320188895923, 0], [0, 1, 0, 0.5098376831069961, 0], [0, 1, 0, 0.29862475818425765, 0], [0, 1, 0, 0.7661807365625029, 0], [1, 1, 0, 0.390124923857316, 1], [1, 1, 0, 0.8611346532844444, 1], [0, 1, 0, 0.00948369845110873, 0], [1, 1, 0, 0.09022386876678723, 0], [0, 1, 0, 0.32352496925330876, 0], [1, 1, 0, 0.09055979823064188, 0], [1, 1, 0, 0.5579528577169716, 0], [0, 1, 0, 0.17775332851654918, 0], [0, 1, 0, 0.38771776976825745, 0], [0, 1, 0, 0.06545071121458347, 0], [1, 1, 0, 0.11779097350158865, 1], [0, 1, 0, 0.30315537047525676, 0], [0, 1, 0, 0.09476257169266394, 0], [1, 1, 0, 0.6198687656183853, 0], [1, 1, 0, 0.19559977255802602, 0], [1, 1, 0, 0.7190896306572949, 0]]}
  CONTROL {"count": {"n": 779, "model_accuracy": 1.0, "rival_accuracy": 1.0, "random_floor": 0.19999999999999962}, "lookup": {"n": 516, "model_accuracy": 0.49612403100775193, "rival_accuracy": 0.0, "random_floor": 0.2000000000000018, "rival_cos_accuracy": NaN, "rival_cos_answered": 0}, "lookup_paired_vs_rival": {"model_only_right": 0, "rival_only_right": 0, "discordant": 0, "mcnemar_z": NaN}, "lookup_paired_vs_rival_cos": {"n": 0, "model_only_right": 0, "rival_only_right": 0, "discordant": 0, "mcnemar_z": NaN, "max_achievable_z": 0.0, "underpowered": true}, "lookup_paired_vs_rival_cos_by_margin": {"median_margin": NaN, "low_margin": {"n": 0, "model_only_right": 0, "rival_only_right": 0, "discordant": 0, "mcnemar_z": NaN, "max_achievable_z": 0.0, "underpowered": true}, "high_margin": {"n": 0, "model_only_right": 0, "rival_only_right": 0, "discordant": 0, "mcnemar_z": NaN, "max_achievable_z": 0.0, "underpowered": true}}, "ladder": {"n_questions": 0, "pairs": 0, "concordant": 0, "ties_excluded": 0, "import_budget_zero_rate": 0.0, "import_budget_mean": 0.0, "concordance": NaN, "z_vs_half": NaN, "mean_phi": {"true": NaN, "near": NaN, "middle": NaN, "far": NaN}}, "exact_mismatches": 0, "confusion": {"count|1->1": 438, "count|2->2": 214, "count|3->3": 54, "count|4->4": 23, "count|5+->5+": 50, "lookup|\u0000REFUSE->\u0000REFUSE": 256, "lookup|Africa->\u0000REFUSE": 1, "lookup|Airborne->\u0000REFUSE": 1, "lookup|Alabama->\u0000REFUSE": 1, "lookup|Allies->\u0000REFUSE": 2, "lookup|American->\u0000REFUSE": 3, "lookup|Andrew->\u0000REFUSE": 1, "lookup|Apollo->\u0000REFUSE": 1, "lookup|Atlantic->\u0000REFUSE": 2, "lookup|Audience->\u0000REFUSE": 2, "lookup|Australia->\u0000REFUSE": 3, "lookup|Australian->\u0000REFUSE": 1, "lookup|Avatar->\u0000REFUSE": 1, "lookup|Battle->\u0000REFUSE": 4, "lookup|Belgian->\u0000REFUSE": 1, "lookup|Black->\u0000REFUSE": 1, "lookup|Boston->\u0000REFUSE": 4, "lookup|British->\u0000REFUSE": 7, "lookup|Brooklyn->\u0000REFUSE": 1, "lookup|California->\u0000REFUSE": 1, "lookup|Canadian->\u0000REFUSE": 1, "lookup|Caribbean->\u0000REFUSE": 1, "lookup|Central->\u0000REFUSE": 1, "lookup|Chicago->\u0000REFUSE": 2, "lookup|Chris->\u0000REFUSE": 1, "lookup|Civil->\u0000REFUSE": 1, "lookup|Class->\u0000REFUSE": 1, "lookup|Community->\u0000REFUSE": 1, "lookup|Czech->\u0000REFUSE": 2, "lookup|Danish->\u0000REFUSE": 1, "lookup|Danny->\u0000REFUSE": 2, "lookup|David->\u0000REFUSE": 2, "lookup|Decatur->\u0000REFUSE": 1, "lookup|Drama->\u0000REFUSE": 1, "lookup|Dwight->\u0000REFUSE": 1, "lookup|Eastern->\u0000REFUSE": 1, "lookup|Electoral->\u0000REFUSE": 1, "lookup|England->\u0000REFUSE": 5, "lookup|English->\u0000REFUSE": 4, "lookup|Europe->\u0000REFUSE": 1, "lookup|European->\u0000REFUSE": 3, "lookup|Family->\u0000REFUSE": 1, "lookup|Federal->\u0000REFUSE": 2, "lookup|Fifth->\u0000REFUSE": 1, "lookup|First->\u0000REFUSE": 1, "lookup|Foreign->\u0000REFUSE": 1, "lookup|France->\u0000REFUSE": 2, "lookup|Frank->\u0000REFUSE": 1, "lookup|French->\u0000REFUSE": 4, "lookup|German->\u0000REFUSE": 7, "lookup|Germany->\u0000REFUSE": 2, "lookup|Google->\u0000REFUSE": 1, "lookup|Governor->\u0000REFUSE": 1, "lookup|Grand->\u0000REFUSE": 1, "lookup|Great->\u0000REFUSE": 2, "lookup|Greek->\u0000REFUSE": 1, "lookup|Greeks->\u0000REFUSE": 1, "lookup|Green->\u0000REFUSE": 1, "lookup|Guadalcanal->\u0000REFUSE": 1, "lookup|Houston->\u0000REFUSE": 2, "lookup|Impact->\u0000REFUSE": 1, "lookup|India->\u0000REFUSE": 1, "lookup|Indian->\u0000REFUSE": 2, "lookup|Italian->\u0000REFUSE": 1, "lookup|Japan->\u0000REFUSE": 2, "lookup|Japanese->\u0000REFUSE": 2, "lookup|Jewish->\u0000REFUSE": 1, "lookup|Johnson->\u0000REFUSE": 2, "lookup|Juliet->\u0000REFUSE": 1, "lookup|Kentuckian->\u0000REFUSE": 1, "lookup|Kevin->\u0000REFUSE": 1, "lookup|Latvia->\u0000REFUSE": 1, "lookup|London->\u0000REFUSE": 2, "lookup|Louvre->\u0000REFUSE": 2, "lookup|Lower->\u0000REFUSE": 1, "lookup|Manchester->\u0000REFUSE": 1, "lookup|Michael->\u0000REFUSE": 2, "lookup|Michigan->\u0000REFUSE": 1, "lookup|Middle->\u0000REFUSE": 1, "lookup|Ministry->\u0000REFUSE": 1, "lookup|Mississippi->\u0000REFUSE": 1, "lookup|Modern->\u0000REFUSE": 1, "lookup|Music->\u0000REFUSE": 1, "lookup|National->\u0000REFUSE": 9, "lookup|Netherlands->\u0000REFUSE": 1, "lookup|Network->\u0000REFUSE": 1, "lookup|Newport->\u0000REFUSE": 1, "lookup|North->\u0000REFUSE": 7, "lookup|Northwestern->\u0000REFUSE": 1, "lookup|Norway->\u0000REFUSE": 1, "lookup|Oklahoma->\u0000REFUSE": 3, "lookup|Ontario->\u0000REFUSE": 1, "lookup|Orange->\u0000REFUSE": 1, "lookup|Ottoman->\u0000REFUSE": 2, "lookup|Outstanding->\u0000REFUSE": 1, "lookup|Oxford->\u0000REFUSE": 1, "lookup|Pennsylvania->\u0000REFUSE": 2, "lookup|Persian->\u0000REFUSE": 1, "lookup|Philadelphia->\u0000REFUSE": 1, "lookup|Philippines->\u0000REFUSE": 2, "lookup|Playboy->\u0000REFUSE": 1, "lookup|Portuguese->\u0000REFUSE": 1, "lookup|President->\u0000REFUSE": 1, "lookup|Prince->\u0000REFUSE": 1, "lookup|Publishing->\u0000REFUSE": 1, "lookup|Queen->\u0000REFUSE": 1, "lookup|Ralph->\u0000REFUSE": 1, "lookup|Robert->\u0000REFUSE": 3, "lookup|Roosevelt->\u0000REFUSE": 1, "lookup|Royal->\u0000REFUSE": 2, "lookup|Russia->\u0000REFUSE": 2, "lookup|Russian->\u0000REFUSE": 1, "lookup|Samuel->\u0000REFUSE": 1, "lookup|Santana->\u0000REFUSE": 1, "lookup|Scotland->\u0000REFUSE": 1, "lookup|Scottish->\u0000REFUSE": 2, "lookup|Seattle->\u0000REFUSE": 1, "lookup|Second->\u0000REFUSE": 4, "lookup|Senate->\u0000REFUSE": 1, "lookup|Singapore->\u0000REFUSE": 1, "lookup|Single->\u0000REFUSE": 1, "lookup|Sorkin->\u0000REFUSE": 1, "lookup|South->\u0000REFUSE": 5, "lookup|Southern->\u0000REFUSE": 2, "lookup|Soviet->\u0000REFUSE": 2, "lookup|Soviets->\u0000REFUSE": 1, "lookup|Spanish->\u0000REFUSE": 2, "lookup|Sports->\u0000REFUSE": 1, "lookup|Starr->\u0000REFUSE": 1, "lookup|State->\u0000REFUSE": 1, "lookup|Studios->\u0000REFUSE": 1, "lookup|Stukas->\u0000REFUSE": 1, "lookup|Sweden->\u0000REFUSE": 3, "lookup|Swiss->\u0000REFUSE": 2, "lookup|Switzerland->\u0000REFUSE": 5, "lookup|Sydney->\u0000REFUSE": 1, "lookup|Tallinn->\u0000REFUSE": 1, "lookup|Texas->\u0000REFUSE": 2, "lookup|Third->\u0000REFUSE": 1, "lookup|Toronto->\u0000REFUSE": 1, "lookup|Tracy->\u0000REFUSE": 1, "lookup|Treaty->\u0000REFUSE": 2, "lookup|Triple->\u0000REFUSE": 2, "lookup|United->\u0000REFUSE": 10, "lookup|University->\u0000REFUSE": 1, "lookup|Victoria->\u0000REFUSE": 1, "lookup|Vietnam->\u0000REFUSE": 2, "lookup|Weimar->\u0000REFUSE": 1, "lookup|Western->\u0000REFUSE": 1, "lookup|William->\u0000REFUSE": 1, "lookup|World->\u0000REFUSE": 4}, "_mixed": [[1, 1, 0, 0.2671623998309457, 0], [0, 1, 0, 0.26517841031679096, 0], [0, 1, 0, 0.3896869960166798, 0], [0, 1, 0, 0.046758383117740256, 0], [1, 1, 0, 0.19704390150232373, 0], [0, 1, 0, 0.44328483856921774, 0], [0, 1, 0, 0.35961514994841565, 0], [0, 1, 0, 0.7350950276894472, 0], [1, 1, 0, 0.1556176588809824, 1], [0, 1, 0, 0.7522353039911357, 0], [1, 1, 0, 0.0947114948762686, 0], [0, 1, 0, 0.30704235995866, 0], [1, 1, 0, 0.24010656499153643, 1], [1, 1, 0, 0.26166918696850466, 0], [1, 1, 0, 0.03107512923793443, 1], [0, 1, 0, 0.25423380240582033, 0], [1, 1, 0, 0.20643993276489306, 1], [1, 1, 0, 0.450667537780679, 0], [0, 1, 0, 0.4411901822730817, 0], [0, 1, 0, 0.2265696325482337, 0], [1, 1, 0, 0.2479043808487941, 0], [0, 1, 0, 0.4463442126442762, 0], [0, 1, 0, 0.4524262965889466, 0], [1, 1, 0, 0.24796345924536228, 1], [0, 1, 0, 0.4608479989269738, 0], [0, 1, 0, 0.003814124294176183, 0], [0, 1, 0, 0.35334998585064525, 0], [0, 1, 0, 0.01209920240553001, 0], [1, 1, 0, 0.37573173265592785, 0], [0, 1, 0, 0.19874421956435528, 0], [1, 1, 0, 0.07568360986238186, 0], [0, 1, 0, 0.40329137182927144, 0], [0, 1, 0, 0.32071648667184344, 0], [0, 1, 0, 0.35474116882222, 0], [1, 1, 0, 0.3519619826322077, 0], [1, 1, 0, 0.6136130313208333, 1], [1, 1, 0, 0.07431730938492641, 0], [0, 1, 0, 0.011804005175754407, 0], [0, 1, 0, 0.3153787768645046, 0], [1, 1, 0, 0.054872371197753095, 0], [1, 1, 0, 0.0691143640764822, 0], [0, 1, 0, 0.10967219264737925, 0], [0, 1, 0, 0.3641100013871975, 0], [1, 1, 0, 0.0999695223860353, 0], [0, 1, 0, 0.03231790151269134, 0], [1, 1, 0, 0.19516795126040112, 1], [0, 1, 0, 0.42595160958385486, 0], [1, 1, 0, 0.639683683042761, 1], [1, 1, 0, 0.6236249986747887, 0], [1, 1, 0, 0.46626546474769454, 0], [0, 1, 0, 0.018414888457580485, 0], [0, 1, 0, 0.4546405465664933, 0], [0, 1, 0, 0.8278759033795771, 0], [1, 1, 0, 0.05731662083635284, 0], [0, 1, 0, 0.26936027076880514, 0], [0, 1, 0, 0.2519575241078512, 0], [1, 1, 0, 0.20610105991800473, 1], [1, 1, 0, 0.7547807753107536, 0], [1, 1, 0, 0.4537793056301509, 0], [0, 1, 0, 0.2816244498568897, 0], [1, 1, 0, 0.34295360279174036, 1], [1, 1, 0, 0.3485197285944848, 0], [1, 1, 0, 0.13303955987677765, 0], [1, 1, 0, 0.02516090045674522, 0], [1, 1, 0, 0.20638083895029807, 1], [0, 1, 0, 0.30810132359733533, 0], [0, 1, 0, 0.21571214323250362, 0], [0, 1, 0, 0.007043314556577317, 0], [1, 1, 0, 0.5435816989907098, 0], [0, 1, 0, 0.482816320119757, 0], [1, 1, 0, 0.27116013101145475, 1], [1, 1, 0, 0.08977159450471636, 0], [0, 1, 0, 0.4118935229592053, 0], [1, 1, 0, 0.17492900688151272, 0], [1, 1, 0, 0.9511585624645726, 1], [0, 1, 0, 0.22410945251796136, 0], [1, 1, 0, 0.008061308089366712, 0], [0, 1, 0, 0.3591553370047529, 0], [1, 1, 0, 0.569767998690216, 0], [0, 1, 0, 0.13917088094180383, 0], [0, 1, 0, 0.2212307091709377, 0], [0, 1, 0, 0.6453493823570464, 0], [1, 1, 0, 0.05504419114380598, 0], [1, 1, 0, 0.6160114996853459, 0], [0, 1, 0, 0.09704663906333375, 0], [1, 1, 0, 0.641902281658231, 1], [0, 1, 0, 0.34968558570348857, 0], [0, 1, 0, 0.3599788996091965, 0], [0, 1, 0, 0.07543652182628337, 0], [1, 1, 0, 0.14877602501065149, 0], [1, 1, 0, 0.6342927929346037, 0], [0, 1, 0, 0.007335576219288815, 0], [1, 1, 0, 0.22905393230616247, 1], [0, 1, 0, 0.2341829561343989, 0], [1, 1, 0, 0.7229503304536199, 1], [1, 1, 0, 0.2293271678116913, 0], [1, 1, 0, 0.5844266066195597, 0], [1, 1, 0, 0.2896524526928211, 1], [0, 1, 0, 0.0025469335024290154, 0], [1, 1, 0, 0.39672743026286617, 1], [1, 1, 0, 0.008183543253457807, 0], [0, 1, 0, 0.552917798082468, 0], [1, 1, 0, 0.16306772804130085, 0], [0, 1, 0, 0.3664764067035337, 0], [1, 1, 0, 0.3333556209976216, 1], [0, 1, 0, 0.23343513574760166, 0], [0, 1, 0, 0.7565663844123832, 0], [1, 1, 0, 0.3725186032510766, 0], [0, 1, 0, 0.06647377889274475, 0], [1, 1, 0, 0.12934132023768835, 0], [0, 1, 0, 0.5825945716589516, 0], [0, 1, 0, 0.33134113064970505, 0], [0, 1, 0, 0.09824506605013504, 0], [0, 1, 0, 0.5331303405370963, 0], [1, 1, 0, 0.0618543052376877, 0], [0, 1, 0, 0.022826717241421414, 0], [0, 1, 0, 0.2590770237771605, 0], [0, 1, 0, 0.8284477485531454, 0], [1, 1, 0, 0.5189225307038369, 1], [1, 1, 0, 0.26477252337116874, 0], [1, 1, 0, 0.34335934779934524, 0], [1, 1, 0, 0.086687561638278, 0], [1, 1, 0, 0.3813109638763382, 1], [0, 1, 0, 0.3228916989310851, 0], [0, 1, 0, 0.3793056280853986, 0], [1, 1, 0, 0.3162068913568979, 1], [0, 1, 0, 0.1957502199840852, 0], [0, 1, 0, 0.6547811584436907, 0], [0, 1, 0, 0.04903409735727837, 0], [0, 1, 0, 0.39136501515512623, 0], [0, 1, 0, 0.35329494479909135, 0], [1, 1, 0, 0.6162458874425587, 1], [0, 1, 0, 0.08749799009770735, 0], [0, 1, 0, 0.33361438190041126, 0], [0, 1, 0, 0.3359710429542348, 0], [0, 1, 0, 0.07090537105226744, 0], [1, 1, 0, 0.3081782777433326, 0], [0, 1, 0, 0.25843333895704546, 0], [0, 1, 0, 0.16309915933048236, 0], [1, 1, 0, 0.2113532232762762, 0], [0, 1, 0, 0.4212820869545466, 0], [0, 1, 0, 0.11369730367735967, 0], [0, 1, 0, 0.03719286705440782, 0], [0, 1, 0, 0.38577034802001536, 0], [1, 1, 0, 0.0007961475378120895, 0], [1, 1, 0, 0.04906879331251325, 1], [0, 1, 0, 0.5410228970306198, 0], [1, 1, 0, 0.1297770518217376, 1], [0, 1, 0, 0.41430882919780926, 0], [0, 1, 0, 0.2310145334766505, 0], [0, 1, 0, 0.16148808616257704, 0], [0, 1, 0, 0.21914207252529222, 0], [0, 1, 0, 0.3947388504186226, 0], [0, 1, 0, 0.030368272416804305, 0], [1, 1, 0, 0.1532154032604467, 0], [1, 1, 0, 0.38593520657698827, 1], [0, 1, 0, 0.20969517682475236, 0], [0, 1, 0, 0.05847854995713518, 0], [1, 1, 0, 0.5086502847956363, 0], [1, 1, 0, 0.001771549639431275, 0], [1, 1, 0, 0.43707672744538373, 0], [0, 1, 0, 0.15281191534036428, 0], [0, 1, 0, 0.2665906606128713, 0], [0, 1, 0, 0.053789927242482674, 0], [1, 1, 0, 0.164413107255388, 0], [0, 1, 0, 0.22120713777037818, 0], [0, 1, 0, 0.4340477884119152, 0], [1, 1, 0, 0.13694633785942814, 1], [1, 1, 0, 0.012430412450404453, 0], [1, 1, 0, 0.8683030831199678, 0], [1, 1, 0, 0.4282085209244558, 0], [0, 1, 0, 0.1886538890737598, 0], [0, 1, 0, 0.15708422267955865, 0], [1, 1, 0, 0.21568738198869483, 1], [0, 1, 0, 0.25491222159196725, 0], [1, 1, 0, 0.21446819590102636, 1], [1, 1, 0, 0.33646238468712564, 0], [0, 1, 0, 0.34966346773050844, 0], [1, 1, 0, 0.021294430505696196, 0], [0, 1, 0, 0.17542081526626013, 0], [0, 1, 0, 0.07312211817698948, 0], [0, 1, 0, 0.23170125903412536, 0], [0, 1, 0, 0.06315813216276316, 0], [0, 1, 0, 0.7850525298438498, 0], [1, 1, 0, 0.7699611946702595, 0], [0, 1, 0, 0.15466321764181737, 0], [1, 1, 0, 0.37872927303479126, 1], [0, 1, 0, 0.20604415944057553, 0], [1, 1, 0, 0.3543987717569988, 0], [0, 1, 0, 0.34709727045597033, 0], [1, 1, 0, 0.4222149374325599, 1], [0, 1, 0, 0.7413734125002237, 0], [1, 1, 0, 0.5096128209743273, 1], [0, 1, 0, 0.3844065375650053, 0], [0, 1, 0, 0.7178411190917194, 0], [1, 1, 0, 0.06982136817818826, 0], [1, 1, 0, 0.0343113952199123, 0], [0, 1, 0, 0.4298575462048404, 0], [1, 1, 0, 0.026456211531690036, 0], [1, 1, 0, 0.11947081074191172, 0], [1, 1, 0, 0.25743162759381727, 0], [0, 1, 0, 0.5726202579977736, 0], [0, 1, 0, 0.09179057965918773, 0], [1, 1, 0, 0.7818065400232934, 1], [1, 1, 0, 0.23393395136081943, 0], [1, 1, 0, 0.21502909700216588, 0], [1, 1, 0, 0.38365917247307224, 0], [1, 1, 0, 0.423565008536957, 0], [1, 1, 0, 0.26941446288390153, 0], [1, 1, 0, 0.41195113179188864, 1], [1, 1, 0, 0.6084276252370321, 0], [1, 1, 0, 0.09657072298238065, 0], [1, 1, 0, 0.2662921104668562, 0], [0, 1, 0, 0.25329625206364237, 0], [0, 1, 0, 0.323833127705729, 0], [1, 1, 0, 0.27722442761321486, 0], [0, 1, 0, 0.13194990164645862, 0], [0, 1, 0, 0.051370320440263344, 0], [1, 1, 0, 0.267311739572961, 1], [0, 1, 0, 0.18402454460751633, 0], [1, 1, 0, 0.875660430206932, 1], [1, 1, 0, 0.22844558965376424, 0], [1, 1, 0, 0.34525220501263726, 0], [0, 1, 0, 0.11619476662233853, 0], [0, 1, 0, 0.5270139956345384, 0], [0, 1, 0, 0.13539025937305338, 0], [0, 1, 0, 0.07241461156803637, 0], [1, 1, 0, 0.2766183098652466, 1], [1, 1, 0, 0.4142108349966871, 0], [1, 1, 0, 0.02219782537968205, 0], [0, 1, 0, 0.3002402160048314, 0], [1, 1, 0, 0.23949365936805064, 0], [0, 1, 0, 0.19493612021109188, 0], [0, 1, 0, 0.8111001315129805, 0], [0, 1, 0, 0.07455392738849059, 0], [1, 1, 0, 0.34775390311912696, 0], [0, 1, 0, 0.5993768253274195, 0], [0, 1, 0, 0.044309225243294864, 0], [1, 1, 0, 0.26369606341338836, 0], [1, 1, 0, 0.38214467433276833, 1], [0, 1, 0, 0.24561383675644977, 0], [0, 1, 0, 0.19090425035718536, 0], [1, 1, 0, 0.020152119960668617, 0], [0, 1, 0, 0.3378535081323035, 0], [1, 1, 0, 0.00891934531918417, 0], [1, 1, 0, 0.7846631737929979, 1], [0, 1, 0, 0.390680561247483, 0], [1, 1, 0, 0.34290919534140873, 1], [1, 1, 0, 0.2137112028770639, 0], [0, 1, 0, 0.3852488032285666, 0], [0, 1, 0, 0.5294350840880493, 0], [0, 1, 0, 0.3917643249225155, 0], [0, 1, 0, 0.8395979217062421, 0], [0, 1, 0, 0.07228516946654687, 0], [1, 1, 0, 0.4514967567769851, 0], [0, 1, 0, 0.16824797135045494, 0], [0, 1, 0, 0.5905123174411278, 0], [0, 1, 0, 0.5973819454849749, 0], [1, 1, 0, 0.7986002294605892, 1], [0, 1, 0, 0.04339917706001492, 0], [1, 1, 0, 0.44938058894625965, 0], [1, 1, 0, 0.17201508445185706, 1], [1, 1, 0, 0.3557652249516225, 0], [0, 1, 0, 0.3154200008213548, 0], [1, 1, 0, 0.5090409320142568, 0], [1, 1, 0, 0.17719909793267308, 1], [1, 1, 0, 0.19348359755975864, 0], [0, 1, 0, 0.29290698707542023, 0], [0, 1, 0, 0.5337762558109366, 0], [0, 1, 0, 0.12189979283979746, 0], [1, 1, 0, 0.07264457734446758, 1], [1, 1, 0, 0.5437221508601351, 0], [1, 1, 0, 0.2623510720815823, 0], [0, 1, 0, 0.5694057137912888, 0], [1, 1, 0, 0.6755149724655629, 1], [0, 1, 0, 0.34857743805951485, 0], [0, 1, 0, 0.5342532302825937, 0], [0, 1, 0, 0.32169042439462, 0], [1, 1, 0, 0.19107811721935422, 1], [0, 1, 0, 0.38443932225261646, 0], [0, 1, 0, 0.049667375939237646, 0], [0, 1, 0, 0.13897990738177748, 0], [1, 1, 0, 0.6004314450401097, 1], [1, 1, 0, 0.39449749992992367, 1], [1, 1, 0, 0.022205983303099596, 0], [1, 1, 0, 0.32256411451735756, 0], [1, 1, 0, 0.4228142114852277, 0], [1, 1, 0, 0.4688856972700783, 0], [1, 1, 0, 0.11017055260038214, 1], [0, 1, 0, 0.3473800093230799, 0], [0, 1, 0, 0.26056686188373357, 0], [1, 1, 0, 0.8318856918511006, 1], [1, 1, 0, 0.18167791185189805, 1], [0, 1, 0, 0.2825457150943259, 0], [1, 1, 0, 0.03592026036067658, 0], [1, 1, 0, 0.039891604428171044, 0], [1, 1, 0, 0.656882521143279, 1], [0, 1, 0, 0.2521406862409936, 0], [0, 1, 0, 0.18780599404126772, 0], [0, 1, 0, 0.055836729078091604, 0], [1, 1, 0, 0.2905944541978976, 0], [1, 1, 0, 0.41304952503235004, 0], [1, 1, 0, 0.7527320967837408, 1], [1, 1, 0, 0.16329948377285233, 1], [0, 1, 0, 0.346278407200534, 0], [0, 1, 0, 0.0710936112532047, 0], [1, 1, 0, 0.19343083593664956, 0], [1, 1, 0, 0.21175113567240866, 0], [0, 1, 0, 0.051150196040002135, 0], [0, 1, 0, 0.05025006426123071, 0], [0, 1, 0, 0.039016455170958184, 0], [1, 1, 0, 0.223572004316426, 0], [1, 1, 0, 0.15117934151221085, 0], [0, 1, 0, 0.08522764735253138, 0], [0, 1, 0, 0.485866063303076, 0], [1, 1, 0, 0.09178893375695397, 0], [1, 1, 0, 0.31274810802635256, 1], [1, 1, 0, 0.248828583731243, 1], [1, 1, 0, 0.19067861145217527, 1], [0, 1, 0, 0.37330709820862296, 0], [0, 1, 0, 0.37166183192115115, 0], [1, 1, 0, 0.05403729632652306, 1], [0, 1, 0, 0.31179706922905276, 0], [0, 1, 0, 0.19759693788769955, 0], [0, 1, 0, 0.2836483763471367, 0], [1, 1, 0, 0.7078615791259235, 0], [1, 1, 0, 0.1733000298851997, 0], [1, 1, 0, 0.44670454908890195, 0], [1, 1, 0, 0.17530042753906747, 1], [1, 1, 0, 0.1587423391276436, 0], [0, 1, 0, 0.49937911139045055, 0], [0, 1, 0, 0.20635668678575309, 0], [0, 1, 0, 0.6627656546595878, 0], [0, 1, 0, 0.43450753440860107, 0], [1, 1, 0, 0.2183051704501475, 1], [1, 1, 0, 0.007391554868666144, 0], [0, 1, 0, 0.3395576201620395, 0], [0, 1, 0, 0.31267212186056104, 0], [0, 1, 0, 0.08633691951551974, 0], [1, 1, 0, 0.8964504674760289, 1], [0, 1, 0, 0.009991620438480451, 0], [1, 1, 0, 0.20409876493145906, 0], [1, 1, 0, 0.29667865920429043, 0], [0, 1, 0, 0.16061414694597714, 0], [1, 1, 0, 0.13869337661667472, 1], [0, 1, 0, 0.1095384575227993, 0], [0, 1, 0, 0.3629934540287164, 0], [1, 1, 0, 0.06812510102977412, 0], [1, 1, 0, 0.14147182310188705, 0], [1, 1, 0, 0.056688213202207016, 0], [0, 1, 0, 0.042514700291583274, 0], [0, 1, 0, 0.11245082850221905, 0], [0, 1, 0, 0.0316501020301475, 0], [1, 1, 0, 0.006358841128039061, 0], [1, 1, 0, 0.37752256124172817, 0], [0, 1, 0, 0.19516521909950224, 0], [1, 1, 0, 0.3022713327529255, 0], [0, 1, 0, 0.280543118910764, 0], [0, 1, 0, 0.18683317436116745, 0], [1, 1, 0, 0.6112701432065711, 0], [0, 1, 0, 0.4375373331104631, 0], [1, 1, 0, 0.2720534604435809, 0], [0, 1, 0, 0.6372115011396107, 0], [1, 1, 0, 0.40371227217637956, 1], [1, 1, 0, 0.7582452645898908, 0], [1, 1, 0, 0.0018932059122633493, 0], [0, 1, 0, 0.2680057375762505, 0], [1, 1, 0, 0.20116368157064451, 0], [0, 1, 0, 0.15877468915958937, 0], [1, 1, 0, 0.5391008793705411, 1], [1, 1, 0, 0.7089902273197193, 1], [1, 1, 0, 0.31619578147657895, 1], [1, 1, 0, 0.031200303959825298, 0], [0, 1, 0, 0.5116565111316607, 0], [0, 1, 0, 0.8062208671732588, 0], [0, 1, 0, 0.39966502882954263, 0], [0, 1, 0, 0.41275032623437274, 0], [0, 1, 0, 0.11140910279041955, 0], [1, 1, 0, 0.2761569885426377, 0], [0, 1, 0, 0.4095745096084249, 0], [1, 1, 0, 0.08876892928406142, 1], [0, 1, 0, 0.04179803278589415, 0], [1, 1, 0, 0.3123345848670483, 0], [1, 1, 0, 0.12924456746756025, 0], [0, 1, 0, 0.06998262456685694, 0], [1, 1, 0, 0.5041834811588957, 0], [1, 1, 0, 0.20566739768050094, 1], [0, 1, 0, 0.22632536332892347, 0], [1, 1, 0, 0.059113022026037354, 0], [0, 1, 0, 0.09853296560246677, 0], [0, 1, 0, 0.23740505236452286, 0], [0, 1, 0, 0.15823223249170648, 0], [0, 1, 0, 0.44521735327045575, 0], [0, 1, 0, 0.3263791707633103, 0], [0, 1, 0, 0.021458468083528057, 0], [0, 1, 0, 0.3606367203713094, 0], [0, 1, 0, 0.22864075417803498, 0], [1, 1, 0, 0.11033637622356744, 0], [1, 1, 0, 0.7090721593035034, 0], [1, 1, 0, 0.3782267142700947, 1], [0, 1, 0, 0.05850951023683219, 0], [0, 1, 0, 0.0720028374599577, 0], [0, 1, 0, 0.011918521982824355, 0], [1, 1, 0, 0.5777206790130135, 1], [0, 1, 0, 0.15577762991661298, 0], [0, 1, 0, 0.06759462856278212, 0], [1, 1, 0, 0.27086609719830335, 1], [0, 1, 0, 0.3145876107791547, 0], [0, 1, 0, 0.642579671509984, 0], [0, 1, 0, 0.6373793426062481, 0], [0, 1, 0, 0.31496269606969574, 0], [1, 1, 0, 0.158079107049692, 0], [1, 1, 0, 0.4909120854295422, 0], [0, 1, 0, 0.30415182010680225, 0], [0, 1, 0, 0.6229144472557445, 0], [1, 1, 0, 0.6091843530582152, 1], [1, 1, 0, 0.48124648174911466, 1], [1, 1, 0, 0.10831397254930536, 0], [1, 1, 0, 0.20010868386963274, 0], [1, 1, 0, 0.20161751672162653, 1], [0, 1, 0, 0.19245086644784656, 0], [1, 1, 0, 0.5524442802804681, 1], [0, 1, 0, 0.6108704903705853, 0], [0, 1, 0, 0.28255654016133347, 0], [1, 1, 0, 0.47752154882001946, 1], [1, 1, 0, 0.07125772018135733, 0], [1, 1, 0, 0.01936095348897146, 1], [1, 1, 0, 0.502788513189364, 0], [1, 1, 0, 0.47449768650036134, 1], [0, 1, 0, 0.4426544034888435, 0], [1, 1, 0, 0.12041797286597783, 1], [1, 1, 0, 0.2702453652721924, 1], [1, 1, 0, 0.6506548830012725, 1], [0, 1, 0, 0.1634380983122029, 0], [0, 1, 0, 0.008849798038250263, 0], [1, 1, 0, 0.2221007288496473, 1], [0, 1, 0, 0.5029743269181323, 0], [1, 1, 0, 0.526422648093261, 1], [1, 1, 0, 0.3657791789405847, 0], [0, 1, 0, 0.3682136641077014, 0], [0, 1, 0, 0.2740467234404025, 0], [1, 1, 0, 0.15144688245661736, 0], [0, 1, 0, 0.06491755400176792, 0], [1, 1, 0, 0.1521126429374154, 1], [1, 1, 0, 0.13055635089566806, 0], [1, 1, 0, 0.04732556062542091, 0], [1, 1, 0, 0.5199082958681617, 1], [1, 1, 0, 0.2009358914105824, 0], [1, 1, 0, 0.19301203146515789, 0], [1, 1, 0, 0.6103985071585383, 1], [0, 1, 0, 0.1974818168976613, 0], [0, 1, 0, 0.3828522468097654, 0], [1, 1, 0, 0.10452096063344543, 0], [0, 1, 0, 0.18317121360645275, 0], [1, 1, 0, 0.2131296804150548, 1], [0, 1, 0, 0.03634129165612213, 0], [0, 1, 0, 0.35128181863308683, 0], [1, 1, 0, 0.006769331642133775, 1], [0, 1, 0, 0.15763693788454003, 0], [1, 1, 0, 0.006555486814822905, 1], [0, 1, 0, 0.18761458195097735, 0], [0, 1, 0, 0.29016317160296096, 0], [0, 1, 0, 0.041386647783186147, 0], [1, 1, 0, 0.4654024220397852, 0], [1, 1, 0, 0.2967247042621095, 1], [1, 1, 0, 0.02096356157710037, 0], [1, 1, 0, 0.706544661740291, 1], [1, 1, 0, 0.1772612094170106, 0], [1, 1, 0, 0.30584779098168163, 1], [1, 1, 0, 0.03906240959344187, 1], [0, 1, 0, 0.2909127879138271, 0], [0, 1, 0, 0.25433441202564394, 0], [0, 1, 0, 0.010100202839263966, 0], [1, 1, 0, 0.20566212831080524, 1], [0, 1, 0, 0.15730612611249675, 0], [0, 1, 0, 0.007660051836457554, 0], [0, 1, 0, 0.17402728436062917, 0], [1, 1, 0, 0.14157326551580313, 1], [0, 1, 0, 0.5013562688730829, 0], [1, 1, 0, 0.18120400438347703, 0], [0, 1, 0, 0.1933618069035828, 0], [1, 1, 0, 0.035282756738688546, 1], [1, 1, 0, 0.02741145723603614, 0], [1, 1, 0, 0.16260171434020756, 0], [1, 1, 0, 0.06790642285049887, 0], [0, 1, 0, 0.0650369676391841, 0], [1, 1, 0, 0.40195884270292814, 0], [1, 1, 0, 0.24829177249314308, 1], [1, 1, 0, 0.41300972195156654, 0], [1, 1, 0, 0.2899262867496936, 0], [1, 1, 0, 0.6132732909345209, 1], [0, 1, 0, 0.1488109290627099, 0], [1, 1, 0, 0.2019218694245862, 0], [0, 1, 0, 0.1381638967386337, 0], [1, 1, 0, 0.6048081967049823, 0], [1, 1, 0, 0.5506738138834595, 0], [0, 1, 0, 0.3704442163187871, 0], [0, 1, 0, 0.5805837599387521, 0], [1, 1, 0, 0.20381576141950386, 0], [0, 1, 0, 0.08140539528647515, 0], [1, 1, 0, 0.5512788589207375, 1], [0, 1, 0, 0.05994756383240771, 0], [0, 1, 0, 0.0974690990033188, 0], [1, 1, 0, 0.5588943375214358, 1], [1, 1, 0, 0.020297290748802568, 0], [0, 1, 0, 0.5215394518477342, 0], [0, 1, 0, 0.39250655257940004, 0], [1, 1, 0, 0.3162322297976638, 0], [1, 1, 0, 0.2917392940491652, 1], [1, 1, 0, 0.30900682002050467, 1], [1, 1, 0, 0.4477884540513603, 1], [1, 1, 0, 0.12502108956136598, 0], [1, 1, 0, 0.457042647452164, 1], [1, 1, 0, 0.6991572508621474, 0], [0, 1, 0, 0.14885627844223617, 0], [0, 1, 0, 0.11042477114121858, 0]]}
{
  "overall": "DERIVATION_PARTIAL",
  "gates": {
    "G_arc_enc_frozen": true,
    "G_ink_verified": true,
    "G_task_exists": true,
    "G_exact_algebra_matches_tape": true,
    "G_lookup_beats_floor": true,
    "G_lookup_beats_counts_paired": false,
    "G_lookup_beats_retrieval_paired": false,
    "G_phi_orders_negatives": false
  },
  "lookup": {
    "n": 315,
    "model_accuracy": 0.526984126984127,
    "rival_accuracy": 0.0,
    "random_floor": 0.20000000000000112,
    "rival_cos_accuracy": NaN,
    "rival_cos_answered": 0
  },
  "paired": {
    "model_only_right": 0,
    "rival_only_right": 0,
    "discordant": 0,
    "mcnemar_z": NaN
  },
  "ladder": {
    "n_questions": 0,
    "pairs": 0,
    "concordant": 0,
    "ties_excluded": 0,
    "import_budget_zero_rate": 0.0,
    "import_budget_mean": 0.0,
    "concordance": NaN,
    "z_vs_half": NaN,
    "mean_phi": {
      "true": NaN,
      "near": NaN,
      "middle": NaN,
      "far": NaN
    }
  }
}
