Stage289 derivation start 2026-08-18T12:47:01.226283+00:00 device=cpu holdout=corpus
  corpus data\_wikitext103_train.txt
  lines: train 7324, eval 3139 (the probe reserves ANCHORS, not lines - see `reserved`)
  word rule matches stage194: True  (rule=ascii, fp=hash, ink=mean)
  hash ink deterministic and digest-faithful: True  {'anagram_cos': -0.0135, 'perm_fixed_points': 1}
  tape: 1500 addresses, 2066 slots | questions {"cons": 707} | params 5633
  node vector 9 wide, matches the body
  ladder coverage: 0/0 lookup questions have all three rungs; the rest train on the task term alone
  probe pack: 2785 reserved addresses (9s to build)
  probe tape: 0 lookup questions, never trained on; 0 graphs cached (1 view(s)/question) in 0s
  probe eval: 0.00s x 4 = 0.0 min added to this run
  step 500/4000 train=-0.2370 probe=nan
  step 1000/4000 train=-0.1740 probe=nan
  step 1500/4000 train=-0.3815 probe=nan
  step 2000/4000 train=-0.1952 probe=nan
  step 2500/4000 train=-0.3889 probe=nan
  step 3000/4000 train=-0.3585 probe=nan
  step 3500/4000 train=-0.2085 probe=nan
  step 4000/4000 train=-0.2719 probe=nan
  CONS {"lenses": 6, "topm": 8, "reach_k": 8, "resolve": "place", "held_out": {"n": 762, "n_beyond_own": 499, "mean_lenses": 2.456692913385827, "constrain_rate": 0.2388451443569554, "hit_rate": 0.22572178477690288, "own_hit_rate": 0.3451443569553806, "answerable": 0.0, "present_topm": 0.0026246719160104987, "walk_answerable": 0.2755905511811024, "reads_constraint": 1.0, "reads_walk": 8.0, "beyond_own": {"hit": 0.0, "rare": 0.0, "frequent": 0.0, "decisive": 0.0, "vs_decisive": {"mind_only": 0, "rival_only": 0, "n": 499, "mcnemar_z": NaN}, "vs_rare": {"mind_only": 0, "rival_only": 0, "n": 499, "mcnemar_z": NaN}, "vs_walk_rival": {"mind_only": 0, "rival_only": 0, "n": 499, "mcnemar_z": NaN}}, "chosen_share_when_constrained": 0.06978021978021978}, "train_control": {"n": 876, "n_beyond_own": 464, "mean_lenses": 2.1335616438356166, "constrain_rate": 0.3082191780821918, "hit_rate": 0.2899543378995434, "own_hit_rate": 0.4703196347031963, "answerable": 0.007990867579908675, "present_topm": 0.01141552511415525, "walk_answerable": 0.4166666666666667, "reads_constraint": 1.0, "reads_walk": 8.0, "beyond_own": {"hit": 0.004310344827586207, "rare": 0.008620689655172414, "frequent": 0.008620689655172414, "decisive": 0.008620689655172414, "vs_decisive": {"mind_only": 0, "rival_only": 2, "n": 464, "mcnemar_z": -1.414213562373095}, "vs_rare": {"mind_only": 0, "rival_only": 2, "n": 464, "mcnemar_z": -1.414213562373095}, "vs_walk_rival": {"mind_only": 1, "rival_only": 0, "n": 464, "mcnemar_z": 1.0}}, "chosen_share_when_constrained": 0.2444067660734328}}
  HELD {"lookup_paired_vs_rival": {"model_only_right": 0, "rival_only_right": 0, "discordant": 0, "mcnemar_z": NaN}, "lookup_paired_vs_rival_cos": {"n": 0, "model_only_right": 0, "rival_only_right": 0, "discordant": 0, "mcnemar_z": NaN, "max_achievable_z": 0.0, "underpowered": true}, "lookup_paired_vs_rival_cos_by_margin": {"median_margin": NaN, "low_margin": {"n": 0, "model_only_right": 0, "rival_only_right": 0, "discordant": 0, "mcnemar_z": NaN, "max_achievable_z": 0.0, "underpowered": true}, "high_margin": {"n": 0, "model_only_right": 0, "rival_only_right": 0, "discordant": 0, "mcnemar_z": NaN, "max_achievable_z": 0.0, "underpowered": true}}, "ladder": {"n_questions": 0, "pairs": 0, "concordant": 0, "ties_excluded": 0, "import_budget_zero_rate": 0.0, "import_budget_mean": 0.0, "concordance": NaN, "z_vs_half": NaN, "mean_phi": {"true": NaN, "near": NaN, "middle": NaN, "far": NaN}}, "exact_mismatches": 0, "confusion": {}, "_mixed": [], "_reach": [], "_pair": [], "_cons": [[0, 1, 1, 0, 1, 0, -1, 0, 0, 0, 0, 0.0, 0, 1, 1], [0, 1, 1, 0, 1, 0, -1, 0, 0, 0, 0, 0.0, 0, 1, 1], [0, 1, 2, 1, 0, 1, 0, 0, 0, 0, 0, 0.0, 0, 1, 1], [0, 1, 2, 1, 0, 1, 0, 0, 0, 0, 0, 0.0, 0, 1, 1], [0, 1, 2, 1, 0, 1, 0, 0, 0, 0, 0, 0.0, 0, 1, 1], [0, 0, 1, 1, 0, 1, 0, 0, 0, 0, 0, 0.0, 0, 0, 0], [0, 1, 2, 1, 0, 1, 0, 0, 0, 0, 0, 0.0, 0, 0, 0], [0, 1, 2, 1, 0, 1, 0, 0, 0, 0, 0, 0.0, 0, 0, 0], [0, 0, 1, 1, 0, 1, 0, 0, 0, 0, 0, 0.0, 0, 0, 0], [0, 1, 2, 0, 0, 0, -1, 0, 0, 0, 0, 0.0, 0, 0, 0], [0, 0, 1, 0, 0, 0, -1, 0, 0, 0, 0, 0.0, 0, 0, 0], [0, 1, 2, 0, 1, 0, -1, 0, 0, 0, 0, 0.0, 0, 0, 0], [0, 0, 1, 1, 0, 1, 0, 0, 0, 0, 0, 0.0, 0, 0, 0], [0, 1, 2, 1, 0, 1, 0, 0, 0, 0, 0, 0.0, 0, 1, 1], [0, 1, 2, 1, 0, 1, 0, 0, 0, 0, 0, 0.0, 0, 1, 1], [0, 1, 3, 0, 0, 0, -1, 0, 0, 0, 0, 0.0, 0, 1, 1], [0, 0, 2, 1, 0, 1, 0, 0, 0, 0, 0, 0.0, 0, 0, 0], [0, 1, 3, 0, 1, 0, -1, 0, 0, 0, 0, 0.0, 0, 1, 1], [0, 0, 2, 0, 0, 0, -1, 0, 0, 0, 0, 0.0, 0, 0, 0], [0, 0, 6, 0, 0, 0, -1, 0, 0, 0, 0, 0.0, 0, 0, 0], [0, 0, 6, 0, 0, 0, -1, 0, 0, 0, 0, 0.0, 0, 0, 0], [0, 0, 6, 0, 0, 0, -1, 0, 0, 0, 0, 0.0, 0, 0, 0], [0, 0, 6, 0, 0, 0, -1, 0, 0, 0, 0, 0.0, 0, 0, 0], [0, 0, 6, 0, 0, 0, -1, 0, 0, 0, 0, 0.0, 0, 0, 0], [0, 0, 6, 0, 0, 0, -1, 0, 0, 0, 0, 0.0, 0, 0, 0], [0, 0, 6, 0, 0, 0, -1, 0, 0, 0, 0, 0.0, 0, 0, 0], [0, 1, 6, 0, 0, 0, -1, 0, 0, 0, 0, 0.0, 0, 0, 0], [0, 0, 6, 0, 0, 0, -1, 0, 0, 0, 0, 0.0, 0, 0, 0], [0, 0, 6, 0, 0, 0, -1, 0, 0, 0, 0, 0.0, 0, 0, 0], [0, 1, 6, 0, 0, 0, -1, 0, 0, 0, 0, 0.0, 0, 0, 0], [0, 0, 6, 0, 0, 0, -1, 0, 0, 0, 0, 0.0, 0, 0, 0], [0, 0, 6, 0, 0, 0, -1, 0, 0, 0, 0, 0.0, 0, 0, 0], [0, 0, 6, 0, 0, 0, -1, 0, 0, 0, 0, 0.0, 0, 0, 0], [0, 0, 2, 0, 0, 0, -1, 0, 0, 0, 0, 0.0, 0, 0, 0], [0, 0, 2, 0, 0, 0, -1, 0, 0, 0, 0, 0.0, 0, 0, 0], [0, 0, 2, 0, 0, 0, -1, 0, 0, 0, 0, 0.0, 0, 0, 0], [0, 0, 6, 0, 0, 0, -1, 0, 0, 0, 0, 0.0, 0, 0, 0], [0, 0, 6, 0, 0, 0, -1, 0, 0, 0, 0, 0.0, 0, 0, 0], [0, 0, 6, 0, 0, 0, -1, 0, 0, 0, 0, 0.0, 0, 1, 0], [0, 0, 6, 0, 0, 0, -1, 0, 0, 0, 0, 0.0, 0, 0, 0], [0, 0, 6, 0, 0, 0, -1, 0, 0, 0, 0, 0.0, 0, 0, 0], [0, 0, 6, 0, 0, 0, -1, 0, 0, 0, 1, 0.0, 0, 1, 0], [0, 0, 6, 0, 0, 0, -1, 0, 0, 0, 0, 0.0, 0, 0, 0], [0, 0, 6, 0, 0, 0, -1, 0, 0, 0, 0, 0.0, 0, 0, 0], [0, 0, 6, 0, 0, 0, -1, 0, 0, 0, 0, 0.0, 0, 0, 0], [0, 0, 6, 0, 0, 0, -1, 0, 0, 0, 0, 0.0, 0, 0, 0], [0, 0, 6, 0, 0, 0, -1, 0, 0, 0, 0, 0.0, 0, 0, 0], [0, 0, 6, 0, 0, 0, -1, 0, 0, 0, 0, 0.0, 0, 0, 0], [0, 0, 6, 0, 0, 0, -1, 0, 0, 0, 0, 0.0, 0, 0, 0], [0, 0, 1, 0, 0, 0, -1, 0, 0, 0, 0, 0.0, 0, 0, 0], [0, 0, 1, 0, 0, 0, -1, 0, 0, 0, 0, 0.0, 0, 0, 0], [0, 0, 1, 0, 0, 0, -1, 0, 0, 0, 0, 0.0, 0, 0, 0], [0, 0, 1, 0, 0, 0, -1, 0, 0, 0, 0, 0.0, 0, 0, 0], [0, 1, 1, 0, 1, 0, -1, 0, 0, 0, 0, 0.0, 0, 1, 1], [0, 1, 1, 0, 1, 0, -1, 0, 0, 0, 0, 0.0, 0, 1, 1], [0, 1, 1, 1, 0, 1, 0, 0, 0, 0, 0, 0.0, 0, 1, 1], [0, 1, 1, 1, 0, 1, 0, 0, 0, 0, 0, 0.0, 0, 1, 1], [0, 1, 1, 0, 1, 0, -1, 0, 0, 0, 0, 0.0, 0, 0, 0], [0, 1, 1, 0, 1, 0, -1, 0, 0, 0, 0, 0.0, 0, 0, 0], [0, 1, 1, 0, 1, 0, -1, 0, 0, 0, 0, 0.0, 0, 1, 1], [0, 1, 1, 0, 1, 0, -1, 0, 0, 0, 0, 0.0, 0, 1, 1], [0, 1, 1, 0, 1, 0, -1, 0, 0, 0, 0, 0.0, 0, 1, 1], [0, 1, 1, 0, 1, 0, -1, 0, 0, 0, 0, 0.0, 0, 1, 1], [0, 1, 1, 0, 1, 0, -1, 0, 0, 0, 0, 0.0, 0, 1, 1], [0, 1, 1, 0, 1, 0, -1, 0, 0, 0, 0, 0.0, 0, 1, 1], [0, 1, 1, 0, 1, 0, -1, 0, 0, 0, 0, 0.0, 0, 1, 1], [0, 1, 1, 0, 1, 0, -1, 0, 0, 0, 0, 0.0, 0, 1, 1], [0, 1, 1, 0, 1, 0, -1, 0, 0, 0, 0, 0.0, 0, 1, 1], [0, 1, 1, 0, 1, 0, -1, 0, 0, 0, 0, 0.0, 0, 1, 1], [0, 1, 1, 0, 1, 0, -1, 0, 0, 0, 0, 0.0, 0, 0, 0], [0, 1, 1, 0, 1, 0, -1, 0, 0, 0, 0, 0.0, 0, 0, 0], [0, 1, 1, 0, 1, 0, -1, 0, 0, 0, 0, 0.0, 0, 1, 1], [0, 1, 1, 0, 1, 0, -1, 0, 0, 0, 0, 0.0, 0, 1, 1], [0, 1, 1, 1, 0, 1, 0, 0, 0, 0, 0, 0.0, 0, 1, 1], [0, 1, 1, 1, 0, 1, 0, 0, 0, 0, 0, 0.0, 0, 1, 1], [0, 1, 1, 1, 0, 1, 0, 0, 0, 0, 0, 0.0, 0, 1, 1], [0, 1, 1, 1, 0, 1, 0, 0, 0, 0, 0, 0.0, 0, 1, 1], [0, 1, 1, 0, 1, 0, -1, 0, 0, 0, 0, 0.0, 0, 1, 1], [0, 1, 1, 0, 1, 0, -1, 0, 0, 0, 0, 0.0, 0, 1, 1], [0, 1, 1, 1, 0, 1, 0, 0, 0, 0, 0, 0.0, 0, 1, 1], [0, 1, 1, 1, 0, 1, 0, 0, 0, 0, 0, 0.0, 0, 1, 1], [0, 1, 1, 1, 0, 1, 0, 0, 0, 0, 0, 0.0, 0, 1, 1], [0, 1, 1, 0, 1, 0, -1, 0, 0, 0, 0, 0.0, 0, 1, 1], [0, 1, 1, 0, 1, 0, -1, 0, 0, 0, 0, 0.0, 0, 1, 1], [0, 1, 1, 0, 1, 0, -1, 0, 0, 0, 0, 0.0, 0, 1, 1], [0, 1, 1, 0, 1, 0, -1, 0, 0, 0, 0, 0.0, 0, 1, 1], [0, 1, 1, 0, 1, 0, -1, 0, 0, 0, 0, 0.0, 0, 0, 0], [0, 1, 1, 0, 1, 0, -1, 0, 0, 0, 0, 0.0, 0, 0, 0], [0, 1, 1, 0, 1, 0, -1, 0, 0, 0, 0, 0.0, 0, 1, 1], [0, 1, 1, 0, 1, 0, -1, 0, 0, 0, 0, 0.0, 0, 1, 1], [0, 1, 1, 0, 1, 0, -1, 0, 0, 0, 0, 0.0, 0, 1, 1], [0, 1, 1, 0, 1, 0, -1, 0, 0, 0, 0, 0.0, 0, 1, 1], [0, 1, 1, 0, 1, 0, -1, 0, 0, 0, 0, 0.0, 0, 1, 1], [0, 1, 1, 0, 1, 0, -1, 0, 0, 0, 0, 0.0, 0, 1, 1], [0, 1, 1, 0, 1, 0, -1, 0, 0, 0, 0, 0.0, 0, 1, 1], [0, 1, 1, 0, 1, 0, -1, 0, 0, 0, 0, 0.0, 0, 1, 1], [0, 1, 1, 0, 1, 0, -1, 0, 0, 0, 0, 0.0, 0, 0, 0], [0, 1, 1, 0, 1, 0, -1, 0, 0, 0, 0, 0.0, 0, 0, 0], [0, 1, 1, 1, 0, 1, 0, 0, 0, 0, 0, 0.0, 0, 1, 1], [0, 1, 1, 1, 0, 1, 0, 0, 0, 0, 0, 0.0, 0, 1, 1], [0, 1, 1, 0, 1, 0, -1, 0, 0, 0, 0, 0.0, 0, 1, 1], [0, 1, 1, 0, 1, 0, -1, 0, 0, 0, 0, 0.0, 0, 1, 1], [0, 1, 1, 0, 1, 0, -1, 0, 0, 0, 0, 0.0, 0, 1, 1], [0, 1, 1, 0, 1, 0, -1, 0, 0, 0, 0, 0.0, 0, 1, 1], [0, 1, 1, 0, 1, 0, -1, 0, 0, 0, 0, 0.0, 0, 1, 1], [0, 1, 1, 0, 0, 1, 0, 0, 0, 0, 0, 1.0, 2, 1, 0], [0, 1, 1, 0, 0, 1, 0, 0, 0, 0, 0, 1.0, 2, 1, 0], [0, 1, 1, 0, 1, 0, -1, 0, 0, 0, 0, 0.0, 0, 1, 1], [0, 1, 1, 0, 1, 0, -1, 0, 0, 0, 0, 0.0, 0, 1, 1], [0, 1, 1, 0, 1, 0, -1, 0, 0, 0, 0, 0.0, 0, 0, 0], [0, 1, 1, 0, 1, 0, -1, 0, 0, 0, 0, 0.0, 0, 0, 0], [0, 1, 1, 0, 1, 0, -1, 0, 0, 0, 0, 0.0, 0, 1, 1], [0, 1, 1, 0, 1, 0, -1, 0, 0, 0, 0, 0.0, 0, 1, 1], [0, 1, 1, 1, 0, 1, 0, 0, 0, 0, 0, 0.0, 0, 1, 1], [0, 1, 1, 1, 0, 1, 0, 0, 0, 0, 0, 0.0, 0, 1, 1], [0, 1, 1, 0, 1, 0, -1, 0, 0, 0, 0, 0.0, 0, 1, 1], [0, 1, 1, 0, 1, 0, -1, 0, 0, 0, 0, 0.0, 0, 1, 1], [0, 1, 1, 0, 0, 1, 0, 0, 0, 0, 0, 0.5, 2, 1, 0], [0, 1, 1, 0, 0, 1, 0, 0, 0, 0, 0, 0.5, 2, 1, 0], [0, 1, 1, 0, 0, 1, 0, 0, 0, 0, 0, 0.5, 2, 1, 0], [0, 1, 1, 0, 1, 0, -1, 0, 0, 0, 0, 0.0, 0, 1, 1], [0, 1, 1, 0, 1, 0, -1, 0, 0, 0, 0, 0.0, 0, 1, 1], [0, 1, 1, 0, 1, 0, -1, 0, 0, 0, 0, 0.0, 0, 1, 1], [0, 1, 1, 0, 1, 0, -1, 0, 0, 0, 0, 0.0, 0, 1, 1], [0, 1, 1, 0, 1, 0, -1, 0, 0, 0, 0, 0.0, 0, 1, 1], [0, 1, 1, 0, 1, 0, -1, 0, 0, 0, 0, 0.0, 0, 1, 1], [0, 1, 1, 1, 0, 1, 0, 0, 0, 0, 0, 0.0, 0, 1, 1], [0, 1, 1, 1, 0, 1, 0, 0, 0, 0, 0, 0.0, 0, 1, 1], [0, 1, 1, 1, 0, 1, 0, 0, 0, 0, 0, 0.0, 0, 1, 1], [0, 1, 1, 1, 0, 1, 0, 0, 0, 0, 0, 0.0, 0, 1, 1], [0, 1, 1, 1, 0, 1, 0, 0, 0, 0, 0, 0.0, 0, 1, 1], [0, 1, 1, 1, 0, 1, 0, 0, 0, 0, 0, 0.0, 0, 1, 1], [0, 1, 1, 1, 0, 1, 0, 0, 0, 0, 0, 0.0, 0, 1, 1], [0, 1, 1, 1, 0, 1, 0, 0, 0, 0, 0, 0.0, 0, 1, 1], [0, 1, 1, 0, 1, 0, -1, 0, 0, 0, 0, 0.0, 0, 1, 1], [0, 1, 1, 0, 1, 0, -1, 0, 0, 0, 0, 0.0, 0, 1, 1], [0, 1, 1, 0, 1, 0, -1, 0, 0, 0, 0, 0.0, 0, 1, 1], [0, 1, 1, 0, 1, 0, -1, 0, 0, 0, 0, 0.0, 0, 1, 1], [0, 1, 1, 0, 1, 0, -1, 0, 0, 0, 0, 0.0, 0, 1, 1], [0, 1, 1, 0, 1, 0, -1, 0, 0, 0, 0, 0.0, 0, 1, 1], [0, 1, 1, 0, 1, 0, -1, 0, 0, 0, 0, 0.0, 0, 1, 1], [0, 1, 1, 0, 1, 0, -1, 0, 0, 0, 0, 0.0, 0, 1, 1], [0, 1, 1, 0, 1, 0, -1, 0, 0, 0, 0, 0.0, 0, 1, 1], [0, 1, 1, 0, 1, 0, -1, 0, 0, 0, 0, 0.0, 0, 1, 1], [0, 1, 1, 0, 1, 0, -1, 0, 0, 0, 0, 0.0, 0, 1, 1], [0, 1, 1, 0, 1, 0, -1, 0, 0, 0, 0, 0.0, 0, 1, 1], [0, 1, 1, 0, 1, 0, -1, 0, 0, 0, 0, 0.0, 0, 0, 0], [0, 1, 1, 0, 1, 0, -1, 0, 0, 0, 0, 0.0, 0, 0, 0], [0, 1, 1, 0, 1, 0, -1, 0, 0, 0, 0, 0.0, 0, 1, 1], [0, 1, 1, 0, 1, 0, -1, 0, 0, 0, 0, 0.0, 0, 1, 1], [0, 1, 1, 1, 0, 1, 0, 0, 0, 0, 0, 0.0, 0, 1, 1], [0, 1, 1, 1, 0, 1, 0, 0, 0, 0, 0, 0.0, 0, 1, 1], [0, 1, 1, 1, 0, 1, 0, 0, 0, 0, 0, 0.0, 0, 1, 1], [0, 1, 1, 1, 0, 1, 0, 0, 0, 0, 0, 0.0, 0, 1, 1], [0, 1, 1, 0, 1, 0, -1, 0, 0, 0, 0, 0.0, 0, 1, 1], [0, 1, 1, 0, 1, 0, -1, 0, 0, 0, 0, 0.0, 0, 1, 1], [0, 1, 1, 1, 0, 1, 0, 0, 0, 0, 0, 0.0, 0, 1, 1], [0, 1, 1, 1, 0, 1, 0, 0, 0, 0, 0, 0.0, 0, 1, 1], [0, 1, 1, 1, 0, 1, 0, 0, 0, 0, 0, 0.0, 0, 1, 1], [0, 1, 1, 1, 0, 1, 0, 0, 0, 0, 0, 0.0, 0, 1, 1], [0, 1, 1, 0, 1, 0, -1, 0, 0, 0, 0, 0.0, 0, 0, 0], [0, 1, 1, 0, 1, 0, -1, 0, 0, 0, 0, 0.0, 0, 0, 0], [0, 1, 1, 0, 1, 0, -1, 0, 0, 0, 0, 0.0, 0, 1, 1], [0, 1, 1, 0, 1, 0, -1, 0, 0, 0, 0, 0.0, 0, 1, 1], [0, 1, 1, 0, 1, 0, -1, 0, 0, 0, 0, 0.0, 0, 1, 1], [0, 1, 1, 0, 1, 0, -1, 0, 0, 0, 0, 0.0, 0, 1, 1], [0, 1, 1, 0, 1, 0, -1, 0, 0, 0, 0, 0.0, 0, 1, 1], [0, 1, 1, 0, 1, 0, -1, 0, 0, 0, 0, 0.0, 0, 1, 1], [0, 1, 1, 0, 1, 0, -1, 0, 0, 0, 0, 0.0, 0, 1, 1], [0, 1, 1, 0, 1, 0, -1, 0, 0, 0, 0, 0.0, 0, 1, 1], [0, 1, 1, 0, 1, 0, -1, 0, 0, 0, 0, 0.0, 0, 0, 0], [0, 1, 1, 0, 1, 0, -1, 0, 0, 0, 0, 0.0, 0, 0, 0], [0, 1, 1, 0, 0, 1, 0, 0, 0, 0, 0, 1.0, 1, 1, 1], [0, 1, 1, 0, 0, 1, 0, 0, 0, 0, 0, 1.0, 1, 1, 1], [0, 1, 1, 0, 1, 0, -1, 0, 0, 0, 0, 0.0, 0, 1, 1], [0, 1, 1, 0, 1, 0, -1, 0, 0, 0, 0, 0.0, 0, 1, 1], [0, 1, 1, 0, 1, 0, -1, 0, 0, 0, 0, 0.0, 0, 0, 0], [0, 1, 1, 0, 1, 0, -1, 0, 0, 0, 0, 0.0, 0, 0, 0], [0, 1, 1, 0, 1, 0, -1, 0, 0, 0, 0, 0.0, 0, 1, 1], [0, 1, 1, 0, 1, 0, -1, 0, 0, 0, 0, 0.0, 0, 1, 1], [0, 1, 1, 0, 1, 0, -1, 0, 0, 0, 0, 0.0, 0, 0, 0], [0, 1, 1, 0, 1, 0, -1, 0, 0, 0, 0, 0.0, 0, 0, 0], [0, 1, 1, 0, 1, 0, -1, 0, 0, 0, 0, 0.0, 0, 1, 1], [0, 1, 1, 0, 1, 0, -1, 0, 0, 0, 0, 0.0, 0, 1, 1], [0, 1, 1, 1, 0, 1, 0, 0, 0, 0, 0, 0.0, 0, 1, 1], [0, 1, 1, 1, 0, 1, 0, 0, 0, 0, 0, 0.0, 0, 1, 1], [0, 1, 1, 1, 0, 1, 0, 0, 0, 0, 0, 0.0, 0, 1, 1], [0, 1, 1, 0, 1, 0, -1, 0, 0, 0, 0, 0.0, 0, 0, 0], [0, 1, 1, 0, 1, 0, -1, 0, 0, 0, 0, 0.0, 0, 0, 0], [0, 1, 1, 1, 0, 1, 0, 0, 0, 0, 0, 0.0, 0, 1, 1], [0, 1, 1, 1, 0, 1, 0, 0, 0, 0, 0, 0.0, 0, 1, 1], [0, 1, 1, 0, 1, 0, -1, 0, 0, 0, 0, 0.0, 0, 1, 1], [0, 1, 1, 0, 1, 0, -1, 0, 0, 0, 0, 0.0, 0, 1, 1], [0, 1, 1, 0, 1, 0, -1, 0, 0, 0, 0, 0.0, 0, 0, 0], [0, 1, 1, 0, 1, 0, -1, 0, 0, 0, 0, 0.0, 0, 0, 0], [0, 1, 1, 1, 0, 1, 0, 0, 0, 0, 0, 0.0, 0, 1, 1], [0, 1, 1, 1, 0, 1, 0, 0, 0, 0, 0, 0.0, 0, 1, 1], [0, 1, 1, 0, 1, 0, -1, 0, 0, 0, 0, 0.0, 0, 0, 0], [0, 1, 1, 0, 1, 0, -1, 0, 0, 0, 0, 0.0, 0, 0, 0], [0, 1, 1, 0, 1, 0, -1, 0, 0, 0, 0, 0.0, 0, 0, 0], [0, 1, 1, 0, 1, 0, -1, 0, 0, 0, 0, 0.0, 0, 0, 0], [0, 1, 1, 0, 1, 0, -1, 0, 0, 0, 0, 0.0, 0, 1, 1], [0, 1, 1, 0, 1, 0, -1, 0, 0, 0, 0, 0.0, 0, 1, 1], [0, 1, 1, 0, 1, 0, -1, 0, 0, 0, 0, 0.0, 0, 1, 1], [0, 1, 1, 0, 1, 0, -1, 0, 0, 0, 0, 0.0, 0, 1, 1], [0, 1, 1, 0, 1, 0, -1, 0, 0, 0, 0, 0.0, 0, 1, 1], [0, 1, 1, 0, 1, 0, -1, 0, 0, 0, 0, 0.0, 0, 1, 1], [0, 1, 1, 0, 1, 0, -1, 0, 0, 0, 0, 0.0, 0, 1, 1], [0, 1, 1, 1, 0, 1, 0, 0, 0, 0, 0, 0.0, 0, 1, 1], [0, 1, 1, 1, 0, 1, 0, 0, 0, 0, 0, 0.0, 0, 1, 1], [0, 1, 1, 0, 1, 0, -1, 0, 0, 0, 0, 0.0, 0, 1, 1], [0, 1, 1, 0, 1, 0, -1, 0, 0, 0, 0, 0.0, 0, 1, 1], [0, 1, 1, 1, 0, 1, 0, 0, 0, 0, 0, 0.0, 0, 1, 1], [0, 1, 1, 1, 0, 1, 0, 0, 0, 0, 0, 0.0, 0, 1, 1], [0, 1, 1, 1, 0, 1, 0, 0, 0, 0, 0, 0.0, 0, 1, 1], [0, 1, 1, 0, 1, 0, -1, 0, 0, 0, 0, 0.0, 0, 1, 1], [0, 1, 1, 0, 1, 0, -1, 0, 0, 0, 0, 0.0, 0, 1, 1], [0, 1, 1, 0, 1, 0, -1, 0, 0, 0, 0, 0.0, 0, 0, 0], [0, 1, 1, 0, 1, 0, -1, 0, 0, 0, 0, 0.0, 0, 0, 0], [0, 1, 1, 0, 1, 0, -1, 0, 0, 0, 0, 0.0, 0, 1, 1], [0, 1, 1, 0, 1, 0, -1, 0, 0, 0, 0, 0.0, 0, 1, 1], [0, 1, 1, 0, 1, 0, -1, 0, 0, 0, 0, 0.0, 0, 0, 0], [0, 1, 1, 0, 1, 0, -1, 0, 0, 0, 0, 0.0, 0, 0, 0], [0, 1, 1, 1, 0, 1, 0, 0, 0, 0, 0, 0.0, 0, 1, 1], [0, 1, 1, 1, 0, 1, 0, 0, 0, 0, 0, 0.0, 0, 1, 1], [0, 1, 1, 0, 1, 0, -1, 0, 0, 0, 0, 0.0, 0, 0, 0], [0, 1, 1, 0, 1, 0, -1, 0, 0, 0, 0, 0.0, 0, 0, 0], [0, 1, 1, 0, 1, 0, -1, 0, 0, 0, 0, 0.0, 0, 0, 0], [0, 1, 1, 0, 1, 0, -1, 0, 0, 0, 0, 0.0, 0, 0, 0], [0, 1, 1, 0, 1, 0, -1, 0, 0, 0, 0, 0.0, 0, 0, 0], [0, 1, 1, 0, 1, 0, -1, 0, 0, 0, 0, 0.0, 0, 0, 0], [0, 1, 1, 0, 1, 0, -1, 0, 0, 0, 0, 0.0, 0, 0, 0], [0, 1, 1, 0, 1, 0, -1, 0, 0, 0, 0, 0.0, 0, 0, 0], [0, 1, 1, 0, 1, 0, -1, 0, 0, 0, 0, 0.0, 0, 1, 1], [0, 1, 1, 0, 1, 0, -1, 0, 0, 0, 0, 0.0, 0, 1, 1], [0, 1, 1, 0, 1, 0, -1, 0, 0, 0, 0, 0.0, 0, 1, 1], [0, 1, 1, 0, 1, 0, -1, 0, 0, 0, 0, 0.0, 0, 1, 1], [0, 1, 1, 0, 1, 0, -1, 0, 0, 0, 0, 0.0, 0, 1, 1], [0, 1, 1, 0, 1, 0, -1, 0, 0, 0, 0, 0.0, 0, 1, 1], [0, 1, 1, 1, 0, 1, 0, 0, 0, 0, 0, 0.0, 0, 1, 1], [0, 1, 1, 1, 0, 1, 0, 0, 0, 0, 0, 0.0, 0, 1, 1], [0, 1, 1, 1, 0, 1, 0, 0, 0, 0, 0, 0.0, 0, 1, 1], [0, 1, 1, 1, 0, 1, 0, 0, 0, 0, 0, 0.0, 0, 1, 1], [0, 1, 1, 0, 1, 0, -1, 0, 0, 0, 0, 0.0, 0, 0, 0], [0, 1, 1, 0, 1, 0, -1, 0, 0, 0, 0, 0.0, 0, 0, 0], [0, 1, 1, 0, 1, 0, -1, 0, 0, 0, 0, 0.0, 0, 1, 1], [0, 1, 1, 0, 1, 0, -1, 0, 0, 0, 0, 0.0, 0, 1, 1], [0, 1, 1, 0, 1, 0, -1, 0, 0, 0, 0, 0.0, 0, 0, 0], [0, 1, 1, 0, 1, 0, -1, 0, 0, 0, 0, 0.0, 0, 0, 0], [0, 1, 1, 0, 1, 0, -1, 0, 0, 0, 0, 0.0, 0, 1, 1], [0, 1, 1, 0, 1, 0, -1, 0, 0, 0, 0, 0.0, 0, 1, 1], [0, 1, 1, 0, 1, 0, -1, 0, 0, 0, 0, 0.0, 0, 1, 1], [0, 1, 1, 0, 1, 0, -1, 0, 0, 0, 0, 0.0, 0, 1, 1], [0, 1, 1, 0, 1, 0, -1, 0, 0, 0, 0, 0.0, 0, 1, 1], [0, 1, 1, 0, 1, 0, -1, 0, 0, 0, 0, 0.0, 0, 1, 1], [0, 1, 1, 0, 1, 0, -1, 0, 0, 0, 0, 0.0, 0, 0, 0], [0, 1, 1, 0, 1, 0, -1, 0, 0, 0, 0, 0.0, 0, 0, 0], [0, 1, 1, 1, 0, 1, 0, 0, 0, 0, 0, 0.0, 0, 1, 1], [0, 1, 1, 1, 0, 1, 0, 0, 0, 0, 0, 0.0, 0, 1, 1], [0, 1, 1, 1, 0, 1, 0, 0, 0, 0, 0, 0.0, 0, 1, 1], [0, 1, 1, 0, 1, 0, -1, 0, 0, 0, 0, 0.0, 0, 1, 1], [0, 1, 1, 0, 1, 0, -1, 0, 0, 0, 0, 0.0, 0, 1, 1], [0, 1, 1, 0, 1, 0, -1, 0, 0, 0, 0, 0.0, 0, 1, 1], [0, 1, 1, 0, 1, 0, -1, 0, 0, 0, 0, 0.0, 0, 1, 1], [0, 1, 1, 1, 0, 1, 0, 0, 0, 0, 0, 0.0, 0, 1, 1], [0, 1, 1, 1, 0, 1, 0, 0, 0, 0, 0, 0.0, 0, 1, 1], [0, 1, 1, 0, 1, 0, -1, 0, 0, 0, 0, 0.0, 0, 1, 1], [0, 1, 1, 0, 1, 0, -1, 0, 0, 0, 0, 0.0, 0, 1, 1], [0, 1, 1, 0, 1, 0, -1, 0, 0, 0, 0, 0.0, 0, 1, 1], [0, 1, 1, 0, 1, 0, -1, 0, 0, 0, 0, 0.0, 0, 1, 1], [0, 1, 1, 1, 0, 1, 0, 0, 0, 0, 0, 0.0, 0, 1, 1], [0, 1, 1, 1, 0, 1, 0, 0, 0, 0, 0, 0.0, 0, 1, 1], [0, 1, 1, 1, 0, 1, 0, 0, 0, 0, 0, 0.0, 0, 1, 1], [0, 1, 1, 0, 1, 0, -1, 0, 0, 0, 0, 0.0, 0, 1, 1], [0, 1, 1, 0, 1, 0, -1, 0, 0, 0, 0, 0.0, 0, 1, 1], [0, 1, 1, 0, 1, 0, -1, 0, 0, 0, 0, 0.0, 0, 1, 1], [0, 1, 1, 0, 1, 0, -1, 0, 0, 0, 0, 0.0, 0, 1, 1], [0, 1, 1, 1, 0, 1, 0, 0, 0, 0, 0, 0.0, 0, 1, 1], [0, 1, 1, 1, 0, 1, 0, 0, 0, 0, 0, 0.0, 0, 1, 1], [0, 1, 1, 1, 0, 1, 0, 0, 0, 0, 0, 0.0, 0, 1, 1], [0, 1, 1, 1, 0, 1, 0, 0, 0, 0, 0, 0.0, 0, 1, 1], [0, 0, 4, 0, 0, 0, -1, 0, 0, 0, 0, 0.0, 0, 0, 0], [0, 0, 4, 0, 0, 0, -1, 0, 0, 0, 0, 0.0, 0, 0, 0], [0, 0, 4, 0, 0, 0, -1, 0, 0, 0, 0, 0.0, 0, 0, 0], [0, 0, 4, 0, 0, 0, -1, 0, 0, 0, 0, 0.0, 0, 0, 0], [0, 1, 5, 0, 0, 0, -1, 0, 0, 0, 0, 0.0, 0, 1, 1], [0, 1, 5, 0, 0, 0, -1, 0, 0, 0, 0, 0.0, 0, 1, 1], [0, 1, 2, 0, 0, 0, -1, 0, 0, 0, 0, 0.0, 0, 0, 0], [0, 0, 1, 0, 0, 0, -1, 0, 0, 0, 0, 0.0, 0, 0, 0], [0, 1, 2, 0, 1, 0, -1, 0, 0, 0, 0, 0.0, 0, 0, 0], [0, 1, 2, 0, 1, 0, -1, 0, 0, 0, 0, 0.0, 0, 1, 1], [0, 1, 2, 0, 1, 0, -1, 0, 0, 0, 0, 0.0, 0, 1, 1], [0, 0, 1, 1, 0, 1, 0, 0, 0, 0, 0, 0.0, 0, 0, 0], [0, 1, 5, 0, 0, 0, -1, 0, 0, 0, 0, 0.0, 0, 0, 0], [0, 0, 4, 0, 0, 0, -1, 0, 0, 0, 0, 0.0, 0, 0, 0], [0, 1, 5, 0, 0, 0, -1, 0, 0, 0, 0, 0.0, 0, 0, 0], [0, 1, 5, 0, 0, 0, -1, 0, 0, 0, 0, 0.0, 0, 0, 0], [0, 1, 5, 0, 0, 0, -1, 0, 0, 0, 0, 0.0, 0, 0, 0], [0, 1, 5, 0, 0, 0, -1, 0, 0, 0, 0, 0.0, 0, 0, 0], [0, 0, 4, 0, 0, 0, -1, 0, 0, 0, 0, 0.0, 0, 0, 0], [0, 0, 4, 0, 0, 0, -1, 0, 0, 0, 0, 0.0, 0, 0, 0], [0, 0, 4, 0, 0, 0, -1, 0, 0, 0, 0, 0.0, 0, 0, 0], [0, 0, 4, 0, 0, 0, -1, 0, 0, 0, 0, 0.0, 0, 0, 0], [0, 1, 5, 0, 0, 0, -1, 0, 0, 0, 0, 0.0, 0, 0, 0], [0, 1, 5, 0, 0, 0, -1, 0, 0, 0, 0, 0.0, 0, 0, 0], [0, 0, 4, 0, 0, 0, -1, 0, 0, 0, 0, 0.0, 0, 0, 0], [0, 0, 4, 0, 0, 0, -1, 0, 0, 0, 0, 0.0, 0, 0, 0], [0, 0, 6, 0, 0, 0, -1, 0, 0, 0, 0, 0.0, 0, 0, 0], [0, 0, 6, 0, 0, 0, -1, 0, 0, 0, 0, 0.0, 0, 0, 0], [0, 0, 6, 0, 0, 0, -1, 0, 0, 0, 0, 0.0, 0, 0, 0], [0, 0, 6, 0, 0, 0, -1, 0, 0, 0, 0, 0.0, 0, 0, 0], [0, 0, 6, 0, 0, 0, -1, 0, 0, 0, 0, 0.0, 0, 0, 0], [0, 0, 6, 0, 0, 0, -1, 0, 0, 0, 0, 0.0, 0, 0, 0], [0, 0, 6, 0, 0, 0, -1, 0, 0, 0, 1, 0.0, 0, 1, 0], [0, 0, 6, 0, 0, 0, -1, 0, 0, 0, 0, 0.0, 0, 0, 0], [0, 0, 6, 0, 0, 0, -1, 0, 0, 0, 0, 0.0, 0, 0, 0], [0, 0, 6, 0, 0, 0, -1, 0, 0, 0, 0, 0.0, 0, 0, 0], [0, 0, 6, 0, 0, 0, -1, 0, 0, 0, 0, 0.0, 0, 0, 0], [0, 0, 6, 0, 0, 0, -1, 0, 0, 0, 0, 0.0, 0, 0, 0], [0, 0, 6, 0, 0, 0, -1, 0, 0, 0, 0, 0.0, 0, 0, 0], [0, 0, 6, 0, 0, 0, -1, 0, 0, 0, 0, 0.0, 0, 0, 0], [0, 0, 6, 0, 0, 0, -1, 0, 0, 0, 0, 0.0, 0, 0, 0], [0, 0, 6, 0, 0, 0, -1, 0, 0, 0, 0, 0.0, 0, 0, 0], [0, 0, 6, 0, 0, 0, -1, 0, 0, 0, 0, 0.0, 0, 0, 0], [0, 0, 6, 0, 0, 0, -1, 0, 0, 0, 0, 0.0, 0, 0, 0], [0, 0, 6, 0, 0, 0, -1, 0, 0, 0, 0, 0.0, 0, 0, 0], [0, 0, 6, 0, 0, 0, -1, 0, 0, 0, 0, 0.0, 0, 0, 0], [0, 0, 6, 0, 0, 0, -1, 0, 0, 0, 0, 0.0, 0, 0, 0], [0, 0, 6, 0, 0, 0, -1, 0, 0, 0, 0, 0.0, 0, 0, 0], [0, 0, 6, 0, 0, 0, -1, 0, 0, 0, 0, 0.0, 0, 0, 0], [0, 0, 6, 0, 0, 0, -1, 0, 0, 0, 0, 0.0, 0, 0, 0], [0, 0, 6, 0, 0, 0, -1, 0, 0, 0, 0, 0.0, 0, 0, 0], [0, 0, 6, 0, 0, 0, -1, 0, 0, 0, 0, 0.0, 0, 0, 0], [0, 0, 6, 0, 0, 0, -1, 0, 0, 0, 0, 0.0, 0, 0, 0], [0, 0, 6, 0, 0, 0, -1, 0, 0, 0, 0, 0.0, 0, 0, 0], [0, 0, 6, 0, 0, 0, -1, 0, 0, 0, 0, 0.0, 0, 0, 0], [0, 1, 2, 0, 1, 0, -1, 0, 0, 0, 0, 0.0, 0, 0, 0], [0, 1, 2, 0, 1, 0, -1, 0, 0, 0, 0, 0.0, 0, 0, 0], [0, 1, 2, 0, 1, 0, -1, 0, 0, 0, 0, 0.0, 0, 0, 0], [0, 0, 1, 0, 0, 0, -1, 0, 0, 0, 0, 0.0, 0, 0, 0], [0, 0, 1, 1, 0, 1, 0, 0, 0, 0, 0, 0.0, 0, 0, 0], [0, 0, 1, 1, 0, 1, 0, 0, 0, 0, 0, 0.0, 0, 0, 0], [0, 0, 3, 0, 0, 0, -1, 0, 0, 0, 0, 0.0, 0, 0, 0], [0, 0, 3, 0, 0, 0, -1, 0, 0, 0, 0, 0.0, 0, 0, 0], [0, 0, 3, 0, 0, 0, -1, 0, 0, 0, 0, 0.0, 0, 0, 0], [0, 0, 3, 0, 0, 0, -1, 0, 0, 0, 0, 0.0, 0, 0, 0], [0, 0, 1, 1, 0, 1, 0, 0, 0, 0, 0, 0.0, 0, 0, 0], [0, 0, 1, 0, 0, 0, -1, 0, 0, 0, 0, 0.0, 0, 0, 0], [0, 0, 1, 0, 0, 0, -1, 0, 0, 0, 0, 0.0, 0, 0, 0], [0, 0, 1, 0, 0, 0, -1, 0, 0, 0, 0, 0.0, 0, 0, 0], [0, 0, 1, 0, 0, 0, -1, 0, 0, 0, 0, 0.0, 0, 0, 0], [0, 0, 1, 0, 0, 0, -1, 0, 0, 0, 0, 0.0, 0, 0, 0], [0, 0, 1, 1, 0, 1, 0, 0, 0, 0, 0, 0.0, 0, 0, 0], [0, 0, 1, 1, 0, 1, 0, 0, 0, 0, 0, 0.0, 0, 0, 0], [0, 0, 1, 1, 0, 1, 0, 0, 0, 0, 0, 0.0, 0, 0, 0], [0, 0, 1, 1, 0, 1, 0, 0, 0, 0, 0, 0.0, 0, 0, 0], [0, 0, 1, 0, 0, 0, -1, 0, 0, 0, 0, 0.0, 0, 0, 0], [0, 0, 1, 1, 0, 1, 0, 0, 0, 0, 0, 0.0, 0, 0, 0], [0, 0, 2, 1, 0, 1, 0, 0, 0, 0, 0, 0.0, 0, 0, 0], [0, 0, 2, 1, 0, 1, 0, 0, 0, 0, 0, 0.0, 0, 0, 0], [0, 0, 2, 1, 0, 1, 1, 0, 0, 0, 0, 0.0, 0, 0, 0], [0, 0, 1, 0, 0, 1, 0, 0, 0, 0, 0, 0.25, 4, 0, 0], [0, 0, 1, 0, 0, 0, -1, 0, 0, 0, 0, 0.0, 0, 0, 0], [0, 0, 1, 0, 0, 0, -1, 0, 0, 0, 0, 0.0, 0, 0, 0], [0, 0, 1, 1, 0, 1, 0, 0, 0, 0, 0, 0.0, 0, 0, 0], [0, 0, 3, 0, 0, 0, -1, 0, 0, 0, 0, 0.0, 0, 0, 0], [0, 0, 3, 0, 0, 0, -1, 0, 0, 0, 0, 0.0, 0, 0, 0], [0, 0, 3, 0, 0, 0, -1, 0, 0, 0, 0, 0.0, 0, 0, 0], [0, 0, 3, 0, 0, 0, -1, 0, 0, 0, 0, 0.0, 0, 0, 0], [0, 0, 1, 0, 0, 0, -1, 0, 0, 0, 0, 0.0, 0, 0, 0], [0, 0, 1, 0, 0, 1, 0, 0, 0, 0, 0, 1.0, 1, 0, 0], [0, 0, 2, 0, 0, 0, -1, 0, 0, 0, 0, 0.0, 0, 0, 0], [0, 0, 2, 0, 0, 0, -1, 0, 0, 0, 0, 0.0, 0, 0, 0], [0, 0, 2, 0, 0, 0, -1, 0, 0, 0, 0, 0.0, 0, 0, 0], [0, 0, 1, 0, 0, 0, -1, 0, 0, 0, 0, 0.0, 0, 0, 0], [0, 0, 1, 0, 0, 0, -1, 0, 0, 0, 0, 0.0, 0, 0, 0], [0, 0, 5, 0, 0, 0, -1, 0, 0, 0, 0, 0.0, 0, 0, 0], [0, 0, 5, 0, 0, 0, -1, 0, 0, 0, 0, 0.0, 0, 0, 0], [0, 0, 5, 0, 0, 0, -1, 0, 0, 0, 0, 0.0, 0, 0, 0], [0, 0, 5, 0, 0, 0, -1, 0, 0, 0, 0, 0.0, 0, 0, 0], [0, 0, 5, 0, 0, 0, -1, 0, 0, 0, 0, 0.0, 0, 0, 0], [0, 0, 5, 0, 0, 0, -1, 0, 0, 0, 0, 0.0, 0, 0, 0], [0, 0, 3, 1, 0, 1, 0, 0, 0, 0, 0, 0.0, 0, 1, 0], [0, 0, 3, 1, 0, 1, 0, 0, 0, 0, 0, 0.0, 0, 1, 0], [0, 0, 3, 1, 0, 1, 2, 0, 0, 0, 0, 0.0, 0, 0, 0], [0, 0, 3, 1, 0, 1, 2, 0, 0, 0, 0, 0.0, 0, 0, 0], [0, 0, 2, 0, 0, 0, -1, 0, 0, 0, 0, 0.0, 0, 0, 0], [0, 0, 2, 0, 0, 0, -1, 0, 0, 0, 0, 0.0, 0, 0, 0], [0, 0, 2, 0, 0, 0, -1, 0, 0, 0, 0, 0.0, 0, 0, 0], [0, 0, 1, 0, 0, 0, -1, 0, 0, 0, 0, 0.0, 0, 0, 0], [0, 0, 1, 1, 0, 1, 0, 0, 0, 0, 0, 0.0, 0, 0, 0], [0, 0, 2, 0, 0, 0, -1, 0, 0, 0, 0, 0.0, 0, 0, 0], [0, 0, 2, 0, 0, 0, -1, 0, 0, 0, 0, 0.0, 0, 0, 0], [0, 0, 2, 0, 0, 0, -1, 0, 0, 0, 0, 0.0, 0, 0, 0], [0, 0, 1, 1, 0, 1, 0, 0, 0, 0, 0, 0.0, 0, 0, 0], [0, 0, 1, 1, 0, 1, 0, 0, 0, 0, 0, 0.0, 0, 0, 0], [0, 0, 1, 0, 0, 0, -1, 0, 0, 0, 0, 0.0, 0, 0, 0], [0, 0, 1, 0, 0, 0, -1, 0, 0, 0, 0, 0.0, 0, 0, 0], [0, 0, 1, 0, 0, 0, -1, 0, 0, 0, 0, 0.0, 0, 0, 0], [0, 0, 1, 0, 0, 0, -1, 0, 0, 0, 0, 0.0, 0, 0, 0], [0, 0, 1, 1, 0, 1, 0, 0, 0, 0, 0, 0.0, 0, 0, 0], [0, 0, 1, 0, 0, 0, -1, 0, 0, 0, 0, 0.0, 0, 0, 0], [0, 0, 1, 1, 0, 1, 0, 0, 0, 0, 0, 0.0, 0, 0, 0], [0, 0, 1, 1, 0, 1, 0, 0, 0, 0, 0, 0.0, 0, 0, 0], [0, 0, 1, 0, 0, 0, -1, 0, 0, 0, 0, 0.0, 0, 0, 0], [0, 0, 1, 0, 0, 0, -1, 0, 0, 0, 0, 0.0, 0, 0, 0], [0, 0, 2, 0, 0, 0, -1, 0, 0, 0, 0, 0.0, 0, 0, 0], [0, 0, 2, 0, 0, 0, -1, 0, 0, 0, 0, 0.0, 0, 0, 0], [0, 0, 2, 0, 0, 0, -1, 0, 0, 0, 0, 0.0, 0, 0, 0], [0, 0, 1, 0, 0, 0, -1, 0, 0, 0, 0, 0.0, 0, 0, 0], [0, 0, 1, 1, 0, 1, 0, 0, 0, 0, 0, 0.0, 0, 0, 0], [0, 0, 1, 0, 0, 0, -1, 0, 0, 0, 0, 0.0, 0, 0, 0], [0, 0, 1, 1, 0, 1, 0, 0, 0, 0, 0, 0.0, 0, 0, 0], [0, 0, 6, 0, 0, 0, -1, 0, 0, 0, 0, 0.0, 0, 0, 0], [0, 0, 6, 0, 0, 0, -1, 0, 0, 0, 0, 0.0, 0, 0, 0], [0, 0, 6, 0, 0, 0, -1, 0, 0, 0, 0, 0.0, 0, 0, 0], [0, 0, 6, 0, 0, 0, -1, 0, 0, 0, 0, 0.0, 0, 0, 0], [0, 0, 6, 0, 0, 0, -1, 0, 0, 0, 0, 0.0, 0, 0, 0], [0, 0, 6, 0, 0, 0, -1, 0, 0, 0, 0, 0.0, 0, 0, 0], [0, 0, 6, 0, 0, 0, -1, 0, 0, 0, 0, 0.0, 0, 0, 0], [0, 0, 6, 0, 0, 0, -1, 0, 0, 0, 0, 0.0, 0, 0, 0], [0, 0, 6, 0, 0, 0, -1, 0, 0, 0, 0, 0.0, 0, 0, 0], [0, 0, 6, 0, 0, 0, -1, 0, 0, 0, 0, 0.0, 0, 0, 0], [0, 0, 1, 1, 0, 1, 0, 0, 0, 0, 0, 0.0, 0, 0, 0], [0, 0, 1, 1, 0, 1, 0, 0, 0, 0, 0, 0.0, 0, 0, 0], [0, 0, 1, 1, 0, 1, 0, 0, 0, 0, 0, 0.0, 0, 0, 0], [0, 0, 1, 1, 0, 1, 0, 0, 0, 0, 0, 0.0, 0, 0, 0], [0, 0, 1, 0, 0, 0, -1, 0, 0, 0, 0, 0.0, 0, 0, 0], [0, 0, 1, 0, 0, 0, -1, 0, 0, 0, 0, 0.0, 0, 0, 0], [0, 0, 2, 0, 0, 0, -1, 0, 0, 0, 0, 0.0, 0, 0, 0], [0, 0, 2, 0, 0, 0, -1, 0, 0, 0, 0, 0.0, 0, 0, 0], [0, 0, 2, 0, 0, 0, -1, 0, 0, 0, 0, 0.0, 0, 0, 0], [0, 0, 1, 0, 0, 0, -1, 0, 0, 0, 0, 0.0, 0, 0, 0], [0, 0, 1, 0, 0, 0, -1, 0, 0, 0, 0, 0.0, 0, 0, 0], [0, 0, 2, 0, 0, 0, -1, 0, 0, 0, 0, 0.0, 0, 0, 0], [0, 0, 2, 0, 0, 0, -1, 0, 0, 0, 0, 0.0, 0, 0, 0], [0, 0, 2, 0, 0, 0, -1, 0, 0, 0, 0, 0.0, 0, 0, 0], [0, 0, 1, 1, 0, 1, 0, 0, 0, 0, 0, 0.0, 0, 0, 0], [0, 0, 1, 1, 0, 1, 0, 0, 0, 0, 0, 0.0, 0, 0, 0], [0, 0, 1, 0, 0, 0, -1, 0, 0, 0, 0, 0.0, 0, 0, 0], [0, 0, 1, 0, 0, 0, -1, 0, 0, 0, 0, 0.0, 0, 0, 0], [0, 0, 2, 0, 0, 0, -1, 0, 0, 0, 0, 0.0, 0, 0, 0], [0, 0, 2, 0, 0, 0, -1, 0, 0, 0, 0, 0.0, 0, 0, 0], [0, 0, 2, 0, 0, 0, -1, 0, 0, 0, 0, 0.0, 0, 0, 0], [0, 0, 1, 0, 0, 0, -1, 0, 0, 0, 0, 0.0, 0, 0, 0], [0, 0, 1, 0, 0, 0, -1, 0, 0, 0, 0, 0.0, 0, 0, 0], [0, 0, 1, 0, 0, 1, 0, 0, 0, 0, 0, 0.6666666666666666, 3, 0, 0], [0, 0, 1, 1, 0, 1, 0, 0, 0, 0, 0, 0.0, 0, 0, 0], [0, 0, 1, 0, 0, 0, -1, 0, 0, 0, 0, 0.0, 0, 0, 0], [0, 0, 1, 0, 0, 0, -1, 0, 0, 0, 0, 0.0, 0, 0, 0], [0, 0, 1, 1, 0, 1, 0, 0, 0, 0, 0, 0.0, 0, 0, 0], [0, 0, 1, 0, 0, 0, -1, 0, 0, 0, 0, 0.0, 0, 0, 0], [0, 0, 2, 0, 0, 0, -1, 0, 0, 0, 0, 0.0, 0, 0, 0], [0, 0, 2, 0, 0, 0, -1, 0, 0, 0, 0, 0.0, 0, 0, 0], [0, 0, 2, 0, 0, 0, -1, 0, 0, 0, 0, 0.0, 0, 0, 0], [0, 0, 1, 0, 0, 0, -1, 0, 0, 0, 0, 0.0, 0, 0, 0], [0, 0, 1, 1, 0, 1, 0, 0, 0, 0, 0, 0.0, 0, 0, 0], [0, 0, 1, 0, 0, 0, -1, 0, 0, 0, 0, 0.0, 0, 0, 0], [0, 0, 1, 0, 0, 0, -1, 0, 0, 0, 0, 0.0, 0, 0, 0], [0, 0, 1, 0, 0, 0, -1, 0, 0, 0, 0, 0.0, 0, 0, 0], [0, 0, 1, 1, 0, 1, 0, 0, 0, 0, 0, 0.0, 0, 0, 0], [0, 0, 6, 0, 0, 0, -1, 0, 0, 0, 0, 0.0, 0, 0, 0], [0, 0, 6, 0, 0, 0, -1, 0, 0, 0, 0, 0.0, 0, 0, 0], [0, 0, 6, 0, 0, 0, -1, 0, 0, 0, 0, 0.0, 0, 0, 0], [0, 0, 6, 0, 0, 0, -1, 0, 0, 0, 0, 0.0, 0, 0, 0], [0, 0, 6, 0, 0, 0, -1, 0, 0, 0, 0, 0.0, 0, 0, 0], [0, 0, 6, 0, 0, 0, -1, 0, 0, 0, 0, 0.0, 0, 0, 0], [0, 0, 6, 0, 0, 0, -1, 0, 0, 0, 0, 0.0, 0, 0, 0], [0, 0, 6, 0, 0, 0, -1, 0, 0, 0, 0, 0.0, 0, 0, 0], [0, 0, 1, 0, 0, 0, -1, 0, 0, 0, 0, 0.0, 0, 0, 0], [0, 0, 1, 0, 0, 0, -1, 0, 0, 0, 0, 0.0, 0, 0, 0], [0, 0, 1, 0, 0, 1, 0, 0, 0, 0, 0, 0.5, 2, 0, 0], [0, 0, 1, 0, 0, 0, -1, 0, 0, 0, 0, 0.0, 0, 0, 0], [0, 0, 1, 1, 0, 1, 0, 0, 0, 0, 0, 0.0, 0, 0, 0], [0, 0, 1, 0, 0, 0, -1, 0, 0, 0, 0, 0.0, 0, 0, 0], [0, 0, 6, 0, 0, 0, -1, 0, 0, 0, 0, 0.0, 0, 0, 0], [0, 0, 6, 0, 0, 0, -1, 0, 0, 0, 0, 0.0, 0, 0, 0], [0, 0, 6, 0, 0, 0, -1, 0, 0, 0, 0, 0.0, 0, 0, 0], [0, 0, 6, 0, 0, 0, -1, 0, 0, 0, 0, 0.0, 0, 0, 0], [0, 0, 6, 0, 0, 0, -1, 0, 0, 0, 0, 0.0, 0, 0, 0], [0, 0, 6, 0, 0, 0, -1, 0, 0, 0, 0, 0.0, 0, 0, 0], [0, 0, 6, 0, 0, 0, -1, 0, 0, 0, 0, 0.0, 0, 0, 0], [0, 0, 6, 0, 0, 0, -1, 0, 0, 0, 0, 0.0, 0, 0, 0], [0, 0, 6, 0, 0, 0, -1, 0, 0, 0, 0, 0.0, 0, 0, 0], [0, 0, 6, 0, 0, 0, -1, 0, 0, 0, 0, 0.0, 0, 0, 0], [0, 0, 6, 0, 0, 0, -1, 0, 0, 0, 0, 0.0, 0, 0, 0], [0, 0, 6, 0, 0, 0, -1, 0, 0, 0, 0, 0.0, 0, 0, 0], [0, 0, 6, 0, 0, 0, -1, 0, 0, 0, 0, 0.0, 0, 0, 0], [0, 0, 6, 0, 0, 0, -1, 0, 0, 0, 0, 0.0, 0, 0, 0], [0, 0, 6, 0, 0, 0, -1, 0, 0, 0, 0, 0.0, 0, 0, 0], [0, 0, 6, 0, 0, 0, -1, 0, 0, 0, 0, 0.0, 0, 0, 0], [0, 0, 6, 0, 0, 0, -1, 0, 0, 0, 0, 0.0, 0, 0, 0], [0, 0, 6, 0, 0, 0, -1, 0, 0, 0, 0, 0.0, 0, 0, 0], [0, 0, 6, 0, 0, 0, -1, 0, 0, 0, 0, 0.0, 0, 0, 0], [0, 0, 6, 0, 0, 0, -1, 0, 0, 0, 0, 0.0, 0, 0, 0], [0, 0, 6, 0, 0, 0, -1, 0, 0, 0, 0, 0.0, 0, 0, 0], [0, 0, 6, 0, 0, 0, -1, 0, 0, 0, 0, 0.0, 0, 0, 0], [0, 0, 6, 0, 0, 0, -1, 0, 0, 0, 0, 0.0, 0, 0, 0], [0, 0, 4, 0, 0, 0, -1, 0, 0, 0, 0, 0.0, 0, 0, 0], [0, 0, 4, 0, 0, 0, -1, 0, 0, 0, 0, 0.0, 0, 0, 0], [0, 0, 4, 0, 0, 0, -1, 0, 0, 0, 0, 0.0, 0, 0, 0], [0, 0, 4, 0, 0, 0, -1, 0, 0, 0, 0, 0.0, 0, 0, 0], [0, 0, 4, 0, 0, 0, -1, 0, 0, 0, 0, 0.0, 0, 0, 0], [0, 0, 2, 0, 0, 0, -1, 0, 0, 0, 0, 0.0, 0, 0, 0], [0, 0, 2, 0, 0, 0, -1, 0, 0, 0, 0, 0.0, 0, 0, 0], [0, 0, 2, 1, 0, 1, 1, 0, 0, 0, 0, 0.0, 0, 0, 0], [0, 0, 1, 0, 0, 0, -1, 0, 0, 0, 0, 0.0, 0, 0, 0], [0, 0, 1, 1, 0, 1, 0, 0, 0, 0, 0, 0.0, 0, 0, 0], [0, 0, 1, 1, 0, 1, 0, 0, 0, 0, 0, 0.0, 0, 0, 0], [0, 0, 1, 0, 0, 0, -1, 0, 0, 0, 0, 0.0, 0, 0, 0], [0, 0, 1, 1, 0, 1, 0, 0, 0, 0, 0, 0.0, 0, 0, 0], [0, 0, 1, 1, 0, 1, 0, 0, 0, 0, 0, 0.0, 0, 0, 0], [0, 0, 1, 1, 0, 1, 0, 0, 0, 0, 0, 0.0, 0, 0, 0], [0, 0, 1, 0, 0, 0, -1, 0, 0, 0, 0, 0.0, 0, 0, 0], [0, 0, 6, 0, 0, 0, -1, 0, 0, 0, 0, 0.0, 0, 0, 0], [0, 0, 6, 0, 0, 0, -1, 0, 0, 0, 0, 0.0, 0, 0, 0], [0, 0, 6, 0, 0, 0, -1, 0, 0, 0, 0, 0.0, 0, 0, 0], [0, 0, 6, 0, 0, 0, -1, 0, 0, 0, 0, 0.0, 0, 0, 0], [0, 0, 6, 0, 0, 0, -1, 0, 0, 0, 0, 0.0, 0, 0, 0], [0, 0, 6, 0, 0, 0, -1, 0, 0, 0, 0, 0.0, 0, 1, 0], [0, 0, 6, 0, 0, 0, -1, 0, 0, 0, 0, 0.0, 0, 0, 0], [0, 0, 6, 0, 0, 0, -1, 0, 0, 0, 0, 0.0, 0, 0, 0], [0, 1, 3, 0, 0, 0, -1, 0, 0, 0, 0, 0.0, 0, 0, 0], [0, 1, 3, 0, 0, 0, -1, 0, 0, 0, 0, 0.0, 0, 0, 0], [0, 1, 3, 0, 0, 0, -1, 0, 0, 0, 0, 0.0, 0, 1, 0], [0, 1, 3, 0, 0, 0, -1, 0, 0, 0, 0, 0.0, 0, 1, 0], [0, 0, 2, 1, 0, 1, 0, 0, 0, 0, 0, 0.0, 0, 0, 0], [0, 0, 1, 0, 0, 0, -1, 0, 0, 0, 0, 0.0, 0, 0, 0], [0, 0, 1, 0, 0, 0, -1, 0, 0, 0, 0, 0.0, 0, 0, 0], [0, 0, 1, 0, 0, 1, 0, 0, 0, 0, 0, 0.5, 6, 0, 0], [0, 0, 1, 1, 0, 1, 0, 0, 0, 0, 0, 0.0, 0, 0, 0], [0, 0, 1, 0, 0, 0, -1, 0, 0, 0, 0, 0.0, 0, 0, 0], [0, 0, 1, 1, 0, 1, 0, 0, 0, 0, 0, 0.0, 0, 0, 0], [0, 0, 1, 1, 0, 1, 0, 0, 0, 0, 0, 0.0, 0, 0, 0], [0, 0, 1, 1, 0, 1, 0, 0, 0, 0, 0, 0.0, 0, 0, 0], [0, 0, 2, 0, 0, 0, -1, 0, 0, 0, 0, 0.0, 0, 0, 0], [0, 0, 2, 0, 0, 0, -1, 0, 0, 0, 0, 0.0, 0, 0, 0], [0, 0, 2, 0, 0, 0, -1, 0, 0, 0, 0, 0.0, 0, 0, 0], [0, 0, 1, 0, 0, 0, -1, 0, 0, 0, 0, 0.0, 0, 0, 0], [0, 0, 1, 1, 0, 1, 0, 0, 0, 0, 0, 0.0, 0, 0, 0], [0, 0, 1, 1, 0, 1, 0, 0, 0, 0, 0, 0.0, 0, 0, 0], [0, 0, 1, 1, 0, 1, 0, 0, 0, 0, 0, 0.0, 0, 0, 0], [0, 0, 2, 0, 0, 0, -1, 0, 0, 0, 0, 0.0, 0, 0, 0], [0, 0, 2, 0, 0, 0, -1, 0, 0, 0, 0, 0.0, 0, 0, 0], [0, 0, 2, 0, 0, 0, -1, 0, 0, 0, 0, 0.0, 0, 0, 0], [0, 0, 1, 1, 0, 1, 0, 0, 0, 0, 0, 0.0, 0, 0, 0], [0, 0, 1, 1, 0, 1, 0, 0, 0, 0, 0, 0.0, 0, 0, 0], [0, 0, 1, 1, 0, 1, 0, 0, 0, 0, 0, 0.0, 0, 0, 0], [0, 0, 1, 0, 0, 0, -1, 0, 0, 0, 0, 0.0, 0, 0, 0], [0, 0, 1, 1, 0, 1, 0, 0, 0, 0, 0, 0.0, 0, 0, 0], [0, 0, 1, 0, 0, 1, 0, 0, 0, 0, 0, 0.5, 2, 0, 0], [0, 0, 1, 0, 0, 1, 0, 0, 0, 0, 0, 0.3333333333333333, 3, 0, 0], [0, 0, 1, 0, 0, 0, -1, 0, 0, 0, 0, 0.0, 0, 0, 0], [0, 0, 1, 1, 0, 1, 0, 0, 0, 0, 0, 0.0, 0, 0, 0], [0, 0, 1, 0, 0, 0, -1, 0, 0, 0, 0, 0.0, 0, 0, 0], [0, 0, 2, 1, 0, 1, 0, 0, 0, 0, 0, 0.0, 0, 0, 0], [0, 0, 2, 1, 0, 1, 0, 0, 0, 0, 0, 0.0, 0, 0, 0], [0, 0, 2, 1, 0, 1, 1, 0, 0, 0, 0, 0.0, 0, 0, 0], [0, 0, 1, 0, 0, 0, -1, 0, 0, 0, 0, 0.0, 0, 0, 0], [0, 0, 1, 0, 0, 0, -1, 0, 0, 0, 0, 0.0, 0, 0, 0], [0, 0, 1, 0, 0, 0, -1, 0, 0, 0, 0, 0.0, 0, 0, 0], [0, 0, 1, 1, 0, 1, 0, 0, 0, 0, 0, 0.0, 0, 0, 0], [0, 0, 3, 0, 0, 0, -1, 0, 0, 0, 0, 0.0, 0, 0, 0], [0, 0, 3, 0, 0, 0, -1, 0, 0, 0, 0, 0.0, 0, 0, 0], [0, 0, 3, 0, 0, 0, -1, 0, 0, 0, 0, 0.0, 0, 0, 0], [0, 0, 3, 0, 0, 0, -1, 0, 0, 0, 0, 0.0, 0, 0, 0], [0, 0, 1, 1, 0, 1, 0, 0, 0, 0, 0, 0.0, 0, 0, 0], [0, 0, 1, 1, 0, 1, 0, 0, 0, 0, 0, 0.0, 0, 0, 0], [0, 0, 5, 0, 0, 0, -1, 0, 0, 0, 0, 0.0, 0, 0, 0], [0, 0, 5, 0, 0, 0, -1, 0, 0, 0, 0, 0.0, 0, 0, 0], [0, 0, 5, 0, 0, 0, -1, 0, 0, 0, 0, 0.0, 0, 1, 0], [0, 0, 5, 0, 0, 0, -1, 0, 0, 0, 0, 0.0, 0, 1, 0], [0, 0, 5, 0, 0, 0, -1, 0, 0, 0, 0, 0.0, 0, 0, 0], [0, 0, 5, 0, 0, 0, -1, 0, 0, 0, 0, 0.0, 0, 0, 0], [0, 0, 1, 1, 0, 1, 0, 0, 0, 0, 0, 0.0, 0, 1, 0], [0, 0, 1, 0, 0, 1, 0, 0, 0, 0, 0, 0.5, 6, 1, 0], [0, 0, 3, 0, 0, 0, -1, 0, 0, 0, 0, 0.0, 0, 0, 0], [0, 0, 3, 0, 0, 0, -1, 0, 0, 0, 0, 0.0, 0, 0, 0], [0, 0, 3, 0, 0, 0, -1, 0, 0, 0, 0, 0.0, 0, 0, 0], [0, 0, 3, 0, 0, 0, -1, 0, 0, 0, 0, 0.0, 0, 0, 0], [0, 0, 1, 0, 0, 0, -1, 0, 0, 0, 0, 0.0, 0, 0, 0], [0, 0, 1, 0, 0, 0, -1, 0, 0, 0, 0, 0.0, 0, 0, 0], [0, 0, 1, 0, 0, 0, -1, 0, 0, 0, 0, 0.0, 0, 0, 0], [0, 0, 1, 0, 0, 0, -1, 0, 0, 0, 0, 0.0, 0, 0, 0], [0, 0, 1, 0, 0, 0, -1, 0, 0, 0, 0, 0.0, 0, 0, 0], [0, 0, 1, 1, 0, 1, 0, 0, 0, 0, 0, 0.0, 0, 0, 0], [0, 0, 6, 0, 0, 0, -1, 0, 0, 0, 0, 0.0, 0, 0, 0], [0, 0, 6, 0, 0, 0, -1, 0, 0, 0, 0, 0.0, 0, 0, 0], [0, 0, 6, 0, 0, 0, -1, 0, 0, 0, 0, 0.0, 0, 0, 0], [0, 0, 6, 0, 0, 0, -1, 0, 0, 0, 0, 0.0, 0, 0, 0], [0, 0, 6, 0, 0, 0, -1, 0, 0, 0, 0, 0.0, 0, 0, 0], [0, 0, 6, 0, 0, 0, -1, 0, 0, 0, 0, 0.0, 0, 0, 0], [0, 0, 6, 0, 0, 0, -1, 0, 0, 0, 0, 0.0, 0, 0, 0], [0, 0, 1, 1, 0, 1, 0, 0, 0, 0, 0, 0.0, 0, 0, 0], [0, 0, 1, 0, 0, 0, -1, 0, 0, 0, 0, 0.0, 0, 0, 0], [0, 0, 2, 0, 0, 0, -1, 0, 0, 0, 0, 0.0, 0, 0, 0], [0, 0, 2, 1, 0, 1, 1, 0, 0, 0, 0, 0.0, 0, 0, 0], [0, 0, 2, 0, 0, 0, -1, 0, 0, 0, 0, 0.0, 0, 0, 0], [0, 0, 5, 0, 0, 0, -1, 0, 0, 0, 0, 0.0, 0, 0, 0], [0, 0, 5, 0, 0, 0, -1, 0, 0, 0, 0, 0.0, 0, 0, 0], [0, 0, 5, 0, 0, 0, -1, 0, 0, 0, 0, 0.0, 0, 0, 0], [0, 0, 5, 0, 0, 0, -1, 0, 0, 0, 0, 0.0, 0, 0, 0], [0, 0, 5, 0, 0, 0, -1, 0, 0, 0, 0, 0.0, 0, 0, 0], [0, 0, 5, 0, 0, 0, -1, 0, 0, 0, 0, 0.0, 0, 0, 0], [0, 0, 2, 0, 0, 1, 0, 0, 0, 0, 0, 0.5, 2, 0, 0], [0, 0, 2, 0, 0, 0, -1, 0, 0, 0, 0, 0.0, 0, 0, 0], [0, 0, 2, 0, 0, 0, -1, 0, 0, 0, 0, 0.0, 0, 0, 0], [0, 0, 1, 1, 0, 1, 0, 0, 0, 0, 0, 0.0, 0, 0, 0], [0, 0, 1, 1, 0, 1, 0, 0, 0, 0, 0, 0.0, 0, 0, 0], [0, 0, 2, 0, 0, 0, -1, 0, 0, 0, 0, 0.0, 0, 0, 0], [0, 0, 2, 0, 0, 0, -1, 0, 0, 0, 0, 0.0, 0, 0, 0], [0, 0, 2, 0, 0, 0, -1, 0, 0, 0, 0, 0.0, 0, 0, 0], [0, 0, 2, 0, 0, 0, -1, 0, 0, 0, 0, 0.0, 0, 0, 0], [0, 0, 2, 0, 0, 0, -1, 0, 0, 0, 0, 0.0, 0, 0, 0], [0, 0, 2, 0, 0, 0, -1, 0, 0, 0, 0, 0.0, 0, 0, 0], [0, 0, 1, 0, 0, 0, -1, 0, 0, 0, 0, 0.0, 0, 0, 0], [0, 0, 1, 0, 0, 0, -1, 0, 0, 0, 0, 0.0, 0, 0, 0], [0, 0, 3, 0, 0, 0, -1, 0, 0, 0, 0, 0.0, 0, 0, 0], [0, 0, 3, 0, 0, 0, -1, 0, 0, 0, 0, 0.0, 0, 0, 0], [0, 0, 3, 0, 0, 0, -1, 0, 0, 0, 0, 0.0, 0, 0, 0], [0, 0, 3, 0, 0, 0, -1, 0, 0, 0, 0, 0.0, 0, 0, 0], [0, 0, 1, 0, 0, 1, 0, 0, 0, 0, 0, 0.5, 2, 0, 0], [0, 0, 1, 0, 0, 0, -1, 0, 0, 0, 0, 0.0, 0, 0, 0], [0, 0, 2, 1, 0, 1, 1, 0, 0, 0, 0, 0.0, 0, 0, 0], [0, 0, 2, 0, 0, 0, -1, 0, 0, 0, 0, 0.0, 0, 0, 0], [0, 0, 2, 0, 0, 0, -1, 0, 0, 0, 0, 0.0, 0, 0, 0], [0, 0, 2, 0, 0, 0, -1, 0, 0, 0, 0, 0.0, 0, 0, 0], [0, 0, 2, 0, 0, 0, -1, 0, 0, 0, 0, 0.0, 0, 0, 0], [0, 0, 2, 0, 0, 0, -1, 0, 0, 0, 0, 0.0, 0, 0, 0], [0, 0, 1, 1, 0, 1, 0, 0, 0, 0, 0, 0.0, 0, 0, 0], [0, 0, 1, 0, 0, 0, -1, 0, 0, 0, 0, 0.0, 0, 0, 0], [0, 0, 1, 1, 0, 1, 0, 0, 0, 0, 0, 0.0, 0, 0, 0], [0, 0, 1, 1, 0, 1, 0, 0, 0, 0, 0, 0.0, 0, 0, 0], [0, 0, 4, 0, 0, 0, -1, 0, 0, 0, 0, 0.0, 0, 0, 0], [0, 0, 4, 0, 0, 0, -1, 0, 0, 0, 0, 0.0, 0, 0, 0], [0, 0, 4, 0, 0, 0, -1, 0, 0, 0, 0, 0.0, 0, 0, 0], [0, 0, 4, 0, 0, 0, -1, 0, 0, 0, 0, 0.0, 0, 0, 0], [0, 0, 4, 0, 0, 0, -1, 0, 0, 0, 0, 0.0, 0, 0, 0], [0, 0, 3, 0, 0, 0, -1, 0, 0, 0, 0, 0.0, 0, 0, 0], [0, 0, 3, 0, 0, 0, -1, 0, 0, 0, 0, 0.0, 0, 0, 0], [0, 0, 3, 0, 0, 0, -1, 0, 0, 0, 0, 0.0, 0, 0, 0], [0, 0, 3, 0, 0, 0, -1, 0, 0, 0, 0, 0.0, 0, 0, 0], [0, 0, 1, 1, 0, 1, 0, 0, 0, 0, 0, 0.0, 0, 0, 0], [0, 0, 1, 1, 0, 1, 0, 0, 0, 0, 0, 0.0, 0, 0, 0], [0, 0, 1, 0, 0, 0, -1, 0, 0, 0, 0, 0.0, 0, 0, 0], [0, 0, 1, 1, 0, 1, 0, 0, 0, 0, 0, 0.0, 0, 0, 0], [0, 0, 3, 0, 0, 0, -1, 0, 0, 0, 0, 0.0, 0, 0, 0], [0, 0, 3, 0, 0, 0, -1, 0, 0, 0, 0, 0.0, 0, 0, 0], [0, 0, 3, 0, 0, 0, -1, 0, 0, 0, 0, 0.0, 0, 0, 0], [0, 0, 3, 0, 0, 0, -1, 0, 0, 0, 0, 0.0, 0, 0, 0], [0, 0, 2, 1, 0, 1, 0, 0, 0, 0, 0, 0.0, 0, 0, 0], [0, 0, 2, 1, 0, 1, 0, 0, 0, 0, 0, 0.0, 0, 0, 0], [0, 0, 2, 1, 0, 1, 0, 0, 0, 0, 0, 0.0, 0, 0, 0], [0, 0, 3, 0, 0, 0, -1, 0, 0, 0, 0, 0.0, 0, 0, 0], [0, 0, 3, 0, 0, 0, -1, 0, 0, 0, 0, 0.0, 0, 0, 0], [0, 0, 3, 0, 0, 0, -1, 0, 0, 0, 0, 0.0, 0, 0, 0], [0, 0, 3, 0, 0, 0, -1, 0, 0, 0, 0, 0.0, 0, 0, 0], [0, 0, 1, 0, 0, 0, -1, 0, 0, 0, 0, 0.0, 0, 0, 0], [0, 0, 1, 0, 0, 0, -1, 0, 0, 0, 0, 0.0, 0, 0, 0], [0, 0, 2, 0, 0, 0, -1, 0, 0, 0, 0, 0.0, 0, 0, 0], [0, 0, 2, 0, 0, 0, -1, 0, 0, 0, 0, 0.0, 0, 0, 0], [0, 0, 2, 0, 0, 0, -1, 0, 0, 0, 0, 0.0, 0, 0, 0], [0, 0, 1, 0, 0, 0, -1, 0, 0, 0, 0, 0.0, 0, 0, 0], [0, 0, 1, 0, 0, 0, -1, 0, 0, 0, 0, 0.0, 0, 0, 0], [0, 0, 3, 0, 0, 0, -1, 0, 0, 0, 0, 0.0, 0, 0, 0], [0, 0, 3, 0, 0, 0, -1, 0, 0, 0, 0, 0.0, 0, 0, 0], [0, 0, 3, 0, 0, 0, -1, 0, 0, 0, 0, 0.0, 0, 0, 0], [0, 0, 3, 0, 0, 0, -1, 0, 0, 0, 0, 0.0, 0, 0, 0], [0, 0, 6, 0, 0, 0, -1, 0, 0, 0, 0, 0.0, 0, 0, 0], [0, 0, 6, 0, 0, 0, -1, 0, 0, 0, 0, 0.0, 0, 0, 0], [0, 0, 6, 0, 0, 0, -1, 0, 0, 0, 0, 0.0, 0, 0, 0], [0, 0, 6, 0, 0, 0, -1, 0, 0, 0, 0, 0.0, 0, 0, 0], [0, 0, 6, 0, 0, 0, -1, 0, 0, 0, 0, 0.0, 0, 0, 0], [0, 0, 6, 0, 0, 0, -1, 0, 0, 0, 0, 0.0, 0, 1, 0], [0, 0, 6, 0, 0, 0, -1, 0, 0, 0, 0, 0.0, 0, 0, 0], [0, 0, 6, 0, 0, 0, -1, 0, 0, 0, 0, 0.0, 0, 0, 0], [0, 0, 6, 0, 0, 0, -1, 0, 0, 0, 0, 0.0, 0, 0, 0], [0, 0, 6, 0, 0, 0, -1, 0, 0, 0, 0, 0.0, 0, 0, 0], [0, 0, 5, 0, 0, 0, -1, 0, 0, 0, 0, 0.0, 0, 0, 0], [0, 0, 5, 0, 0, 0, -1, 0, 0, 0, 0, 0.0, 0, 0, 0], [0, 0, 5, 0, 0, 0, -1, 0, 0, 0, 0, 0.0, 0, 0, 0], [0, 0, 5, 0, 0, 0, -1, 0, 0, 0, 0, 0.0, 0, 0, 0], [0, 0, 5, 0, 0, 0, -1, 0, 0, 0, 0, 0.0, 0, 0, 0], [0, 0, 5, 0, 0, 0, -1, 0, 0, 0, 0, 0.0, 0, 0, 0], [0, 0, 2, 0, 0, 0, -1, 0, 0, 0, 0, 0.0, 0, 0, 0], [0, 0, 2, 0, 0, 0, -1, 0, 0, 0, 0, 0.0, 0, 0, 0], [0, 0, 2, 0, 0, 0, -1, 0, 0, 0, 0, 0.0, 0, 0, 0], [0, 0, 1, 0, 0, 0, -1, 0, 0, 0, 0, 0.0, 0, 0, 0], [0, 0, 1, 0, 0, 0, -1, 0, 0, 0, 0, 0.0, 0, 0, 0], [0, 0, 1, 1, 0, 1, 0, 0, 0, 0, 0, 0.0, 0, 0, 0], [0, 0, 1, 0, 0, 0, -1, 0, 0, 0, 0, 0.0, 0, 0, 0], [0, 0, 1, 0, 0, 0, -1, 0, 0, 0, 0, 0.0, 0, 0, 0], [0, 0, 1, 1, 0, 1, 0, 0, 0, 0, 0, 0.0, 0, 0, 0], [0, 0, 1, 1, 0, 1, 0, 0, 0, 0, 0, 0.0, 0, 0, 0], [0, 0, 1, 0, 0, 1, 0, 0, 0, 0, 0, 1.0, 1, 0, 0], [0, 0, 4, 0, 0, 0, -1, 0, 0, 0, 0, 0.0, 0, 0, 0], [0, 0, 4, 0, 0, 0, -1, 0, 0, 0, 0, 0.0, 0, 0, 0], [0, 0, 4, 0, 0, 0, -1, 0, 0, 0, 0, 0.0, 0, 0, 0], [0, 0, 4, 0, 0, 0, -1, 0, 0, 0, 0, 0.0, 0, 0, 0], [0, 0, 4, 0, 0, 0, -1, 0, 0, 0, 0, 0.0, 0, 0, 0], [0, 0, 2, 0, 0, 0, -1, 0, 0, 0, 0, 0.0, 0, 0, 0], [0, 0, 2, 1, 0, 1, 0, 0, 0, 0, 0, 0.0, 0, 0, 0], [0, 0, 2, 0, 0, 0, -1, 0, 0, 0, 0, 0.0, 0, 1, 0], [0, 0, 2, 0, 0, 0, -1, 0, 0, 0, 0, 0.0, 0, 0, 0], [0, 0, 2, 0, 0, 1, 1, 0, 0, 0, 0, 0.5, 2, 0, 0], [0, 0, 2, 0, 0, 0, -1, 0, 0, 0, 0, 0.0, 0, 0, 0], [0, 0, 5, 0, 0, 0, -1, 0, 0, 0, 0, 0.0, 0, 0, 0], [0, 0, 5, 0, 0, 0, -1, 0, 0, 0, 0, 0.0, 0, 0, 0], [0, 0, 5, 0, 0, 0, -1, 0, 0, 0, 0, 0.0, 0, 0, 0], [0, 0, 5, 0, 0, 0, -1, 0, 0, 0, 0, 0.0, 0, 0, 0], [0, 0, 5, 0, 0, 0, -1, 0, 0, 0, 0, 0.0, 0, 1, 0], [0, 0, 5, 0, 0, 0, -1, 0, 0, 0, 0, 0.0, 0, 0, 0], [0, 0, 5, 0, 0, 0, -1, 0, 0, 0, 0, 0.0, 0, 0, 0], [0, 0, 5, 0, 0, 0, -1, 0, 0, 0, 0, 0.0, 0, 0, 0], [0, 0, 5, 0, 0, 0, -1, 0, 0, 0, 0, 0.0, 0, 0, 0], [0, 0, 5, 0, 0, 0, -1, 0, 0, 0, 0, 0.0, 0, 0, 0], [0, 0, 5, 0, 0, 0, -1, 0, 0, 0, 0, 0.0, 0, 0, 0], [0, 0, 5, 0, 0, 0, -1, 0, 0, 0, 0, 0.0, 0, 0, 0], [0, 0, 1, 1, 0, 1, 0, 0, 0, 0, 0, 0.0, 0, 0, 0], [0, 0, 1, 0, 0, 0, -1, 0, 0, 0, 0, 0.0, 0, 0, 0], [0, 0, 1, 1, 0, 1, 0, 0, 0, 0, 0, 0.0, 0, 0, 0], [0, 0, 1, 0, 0, 0, -1, 0, 0, 0, 0, 0.0, 0, 0, 0], [0, 0, 1, 0, 0, 0, -1, 0, 0, 0, 0, 0.0, 0, 0, 0], [0, 0, 1, 0, 0, 0, -1, 0, 0, 0, 0, 0.0, 0, 0, 0], [0, 0, 1, 1, 0, 1, 0, 0, 0, 0, 0, 0.0, 0, 0, 0], [0, 0, 1, 0, 0, 0, -1, 0, 0, 0, 0, 0.0, 0, 0, 0], [0, 0, 4, 0, 0, 0, -1, 0, 0, 0, 0, 0.0, 0, 0, 0], [0, 0, 4, 0, 0, 0, -1, 0, 0, 0, 0, 0.0, 0, 0, 0], [0, 0, 4, 0, 0, 0, -1, 0, 0, 0, 0, 0.0, 0, 0, 0], [0, 0, 4, 0, 0, 0, -1, 0, 0, 0, 0, 0.0, 0, 0, 0], [0, 0, 4, 0, 0, 0, -1, 0, 0, 0, 0, 0.0, 0, 0, 0], [0, 0, 1, 1, 0, 1, 0, 0, 0, 0, 0, 0.0, 0, 0, 0], [0, 0, 1, 0, 0, 0, -1, 0, 0, 0, 0, 0.0, 0, 0, 0], [0, 0, 1, 0, 0, 0, -1, 0, 0, 0, 0, 0.0, 0, 0, 0], [0, 0, 1, 1, 0, 1, 0, 0, 0, 0, 0, 0.0, 0, 0, 0], [0, 0, 2, 1, 0, 1, 0, 0, 0, 0, 0, 0.0, 0, 0, 0], [0, 0, 2, 1, 0, 1, 0, 0, 0, 0, 0, 0.0, 0, 0, 0], [0, 0, 2, 1, 0, 1, 0, 0, 0, 0, 0, 0.0, 0, 0, 0], [0, 0, 2, 0, 0, 0, -1, 0, 0, 0, 0, 0.0, 0, 0, 0], [0, 0, 2, 0, 0, 0, -1, 0, 0, 0, 0, 0.0, 0, 0, 0], [0, 0, 2, 0, 0, 0, -1, 0, 0, 0, 0, 0.0, 0, 0, 0], [0, 0, 1, 0, 0, 0, -1, 0, 0, 0, 0, 0.0, 0, 0, 0], [0, 0, 1, 0, 0, 0, -1, 0, 0, 0, 0, 0.0, 0, 0, 0], [0, 0, 1, 0, 0, 0, -1, 0, 0, 0, 0, 0.0, 0, 0, 0], [0, 0, 1, 0, 0, 0, -1, 0, 0, 0, 0, 0.0, 0, 0, 0], [0, 0, 1, 1, 0, 1, 0, 0, 0, 0, 0, 0.0, 0, 0, 0], [0, 0, 1, 1, 0, 1, 0, 0, 0, 0, 0, 0.0, 0, 0, 0], [0, 0, 1, 0, 0, 0, -1, 0, 0, 0, 0, 0.0, 0, 0, 0], [0, 0, 1, 0, 0, 1, 0, 0, 0, 0, 0, 0.25, 4, 0, 0], [0, 0, 1, 0, 0, 0, -1, 0, 0, 0, 0, 0.0, 0, 0, 0], [0, 0, 1, 0, 0, 0, -1, 0, 0, 0, 0, 0.0, 0, 0, 0], [0, 0, 1, 0, 0, 0, -1, 0, 0, 0, 0, 0.0, 0, 0, 0], [0, 0, 1, 0, 0, 1, 0, 0, 0, 0, 0, 0.2, 5, 0, 0], [0, 0, 1, 0, 0, 0, -1, 0, 0, 0, 0, 0.0, 0, 0, 0], [0, 0, 1, 0, 0, 0, -1, 0, 0, 0, 0, 0.0, 0, 0, 0], [0, 0, 6, 0, 0, 0, -1, 0, 0, 0, 0, 0.0, 0, 0, 0], [0, 0, 6, 0, 0, 0, -1, 0, 0, 0, 0, 0.0, 0, 0, 0], [0, 0, 6, 0, 0, 0, -1, 0, 0, 0, 0, 0.0, 0, 0, 0], [0, 0, 6, 0, 0, 0, -1, 0, 0, 0, 0, 0.0, 0, 0, 0], [0, 0, 6, 0, 0, 0, -1, 0, 0, 0, 0, 0.0, 0, 0, 0], [0, 0, 6, 0, 0, 0, -1, 0, 0, 0, 0, 0.0, 0, 0, 0], [0, 0, 6, 0, 0, 0, -1, 0, 0, 0, 0, 0.0, 0, 0, 0]]}
  CONTROL {"lookup_paired_vs_rival": {"model_only_right": 0, "rival_only_right": 0, "discordant": 0, "mcnemar_z": NaN}, "lookup_paired_vs_rival_cos": {"n": 0, "model_only_right": 0, "rival_only_right": 0, "discordant": 0, "mcnemar_z": NaN, "max_achievable_z": 0.0, "underpowered": true}, "lookup_paired_vs_rival_cos_by_margin": {"median_margin": NaN, "low_margin": {"n": 0, "model_only_right": 0, "rival_only_right": 0, "discordant": 0, "mcnemar_z": NaN, "max_achievable_z": 0.0, "underpowered": true}, "high_margin": {"n": 0, "model_only_right": 0, "rival_only_right": 0, "discordant": 0, "mcnemar_z": NaN, "max_achievable_z": 0.0, "underpowered": true}}, "ladder": {"n_questions": 0, "pairs": 0, "concordant": 0, "ties_excluded": 0, "import_budget_zero_rate": 0.0, "import_budget_mean": 0.0, "concordance": NaN, "z_vs_half": NaN, "mean_phi": {"true": NaN, "near": NaN, "middle": NaN, "far": NaN}}, "exact_mismatches": 0, "confusion": {}, "_mixed": [], "_reach": [], "_pair": [], "_cons": [[0, 1, 2, 1, 0, 1, 1, 0, 0, 0, 0, 0.0, 0, 1, 1], [0, 1, 2, 1, 0, 1, 1, 0, 0, 0, 0, 0.0, 0, 1, 1], [0, 0, 1, 0, 0, 1, 0, 0, 0, 0, 0, 0.3333333333333333, 9, 1, 0], [0, 1, 2, 0, 1, 0, -1, 0, 0, 0, 0, 0.0, 0, 1, 1], [0, 1, 2, 0, 1, 0, -1, 0, 0, 0, 0, 0.0, 0, 1, 1], [0, 1, 2, 0, 1, 0, -1, 0, 0, 0, 0, 0.0, 0, 1, 1], [0, 0, 1, 1, 0, 1, 0, 0, 0, 0, 0, 0.0, 0, 0, 0], [0, 1, 2, 0, 1, 0, -1, 0, 0, 0, 0, 0.0, 0, 1, 1], [0, 0, 2, 0, 0, 0, -1, 0, 0, 0, 0, 0.0, 0, 0, 0], [0, 0, 2, 0, 0, 0, -1, 0, 0, 0, 0, 0.0, 0, 0, 0], [0, 1, 3, 0, 0, 0, -1, 0, 0, 0, 0, 0.0, 0, 0, 0], [0, 1, 3, 0, 0, 0, -1, 0, 0, 0, 0, 0.0, 0, 0, 0], [0, 1, 2, 0, 0, 0, -1, 0, 0, 0, 0, 0.0, 0, 1, 1], [0, 0, 1, 0, 0, 1, 0, 0, 0, 0, 0, 0.36363636363636365, 11, 0, 0], [0, 1, 2, 0, 1, 0, -1, 0, 0, 0, 0, 0.0, 0, 1, 1], [0, 0, 1, 1, 0, 1, 0, 0, 0, 0, 0, 0.0, 0, 0, 0], [0, 1, 2, 1, 0, 1, 1, 0, 0, 0, 0, 0.0, 0, 1, 0], [0, 1, 2, 1, 0, 1, 1, 0, 0, 0, 0, 0.0, 0, 1, 0], [0, 0, 1, 0, 0, 1, 0, 0, 0, 0, 0, 0.2, 5, 0, 0], [0, 1, 2, 1, 0, 1, 0, 0, 0, 0, 0, 0.0, 0, 1, 0], [0, 1, 2, 1, 0, 1, 0, 0, 0, 0, 0, 0.0, 0, 1, 0], [0, 0, 5, 0, 0, 0, -1, 0, 0, 0, 0, 0.0, 0, 0, 0], [0, 0, 5, 0, 0, 0, -1, 0, 0, 0, 0, 0.0, 0, 0, 0], [0, 0, 5, 0, 0, 0, -1, 0, 0, 0, 0, 0.0, 0, 0, 0], [0, 0, 5, 0, 0, 0, -1, 0, 0, 0, 0, 0.0, 0, 0, 0], [0, 0, 5, 0, 0, 0, -1, 0, 0, 0, 0, 0.0, 0, 0, 0], [0, 0, 5, 0, 0, 0, -1, 0, 0, 0, 0, 0.0, 0, 0, 0], [0, 0, 1, 1, 0, 1, 0, 0, 0, 0, 0, 0.0, 0, 0, 0], [0, 0, 1, 0, 0, 0, -1, 0, 0, 0, 0, 0.0, 0, 0, 0], [0, 0, 2, 1, 0, 1, 0, 0, 0, 0, 0, 0.0, 0, 0, 0], [0, 0, 2, 0, 0, 0, -1, 0, 0, 0, 0, 0.0, 0, 0, 0], [0, 0, 2, 0, 0, 0, -1, 0, 0, 0, 0, 0.0, 0, 0, 0], [0, 0, 1, 0, 0, 0, -1, 0, 0, 0, 0, 0.0, 0, 0, 0], [0, 0, 1, 0, 0, 1, 0, 0, 0, 0, 0, 1.0, 1, 0, 0], [0, 0, 1, 0, 0, 0, -1, 0, 0, 0, 0, 0.0, 0, 0, 0], [0, 0, 1, 1, 0, 1, 0, 0, 0, 0, 0, 0.0, 0, 0, 0], [0, 0, 1, 0, 0, 0, -1, 0, 0, 0, 0, 0.0, 0, 0, 0], [0, 0, 1, 0, 0, 0, -1, 0, 0, 0, 0, 0.0, 0, 0, 0], [0, 0, 1, 0, 0, 0, -1, 0, 0, 0, 0, 0.0, 0, 0, 0], [0, 0, 1, 0, 0, 1, 0, 0, 0, 0, 0, 1.0, 1, 0, 0], [0, 0, 1, 0, 0, 0, -1, 0, 0, 0, 0, 0.0, 0, 0, 0], [0, 0, 1, 1, 0, 1, 0, 0, 0, 0, 0, 0.0, 0, 0, 0], [0, 1, 1, 0, 1, 0, -1, 0, 0, 0, 0, 0.0, 0, 0, 0], [0, 1, 1, 0, 1, 0, -1, 0, 0, 0, 0, 0.0, 0, 0, 0], [0, 1, 1, 0, 1, 0, -1, 0, 0, 0, 0, 0.0, 0, 1, 1], [0, 1, 1, 0, 1, 0, -1, 0, 0, 0, 0, 0.0, 0, 1, 1], [0, 1, 1, 0, 1, 0, -1, 0, 0, 0, 0, 0.0, 0, 1, 1], [0, 1, 1, 0, 1, 0, -1, 0, 0, 0, 0, 0.0, 0, 1, 1], [0, 1, 1, 0, 1, 0, -1, 0, 0, 0, 0, 0.0, 0, 1, 1], [0, 1, 1, 0, 1, 0, -1, 0, 0, 0, 0, 0.0, 0, 1, 1], [0, 1, 1, 0, 1, 0, -1, 0, 0, 0, 0, 0.0, 0, 1, 1], [0, 1, 1, 0, 1, 0, -1, 0, 0, 0, 0, 0.0, 0, 1, 1], [0, 1, 1, 0, 1, 0, -1, 0, 0, 0, 0, 0.0, 0, 1, 1], [0, 1, 1, 0, 1, 0, -1, 0, 0, 0, 0, 0.0, 0, 1, 1], [0, 1, 1, 0, 1, 0, -1, 0, 0, 0, 0, 0.0, 0, 1, 1], [0, 1, 1, 0, 1, 0, -1, 0, 0, 0, 0, 0.0, 0, 1, 1], [0, 1, 1, 0, 1, 0, -1, 0, 0, 0, 0, 0.0, 0, 1, 1], [0, 1, 1, 0, 1, 0, -1, 0, 0, 0, 0, 0.0, 0, 1, 1], [0, 1, 1, 0, 1, 0, -1, 0, 0, 0, 0, 0.0, 0, 0, 0], [0, 1, 1, 0, 1, 0, -1, 0, 0, 0, 0, 0.0, 0, 0, 0], [0, 1, 1, 0, 1, 0, -1, 0, 0, 0, 0, 0.0, 0, 1, 1], [0, 1, 1, 0, 1, 0, -1, 0, 0, 0, 0, 0.0, 0, 1, 1], [0, 1, 1, 1, 0, 1, 0, 0, 0, 0, 0, 0.0, 0, 1, 1], [0, 1, 1, 1, 0, 1, 0, 0, 0, 0, 0, 0.0, 0, 1, 1], [0, 1, 1, 1, 0, 1, 0, 0, 0, 0, 0, 0.0, 0, 1, 1], [0, 1, 1, 0, 1, 0, -1, 0, 0, 0, 0, 0.0, 0, 1, 1], [0, 1, 1, 0, 1, 0, -1, 0, 0, 0, 0, 0.0, 0, 1, 1], [0, 1, 1, 0, 1, 0, -1, 0, 0, 0, 0, 0.0, 0, 0, 0], [0, 1, 1, 0, 1, 0, -1, 0, 0, 0, 0, 0.0, 0, 0, 0], [0, 1, 1, 0, 1, 0, -1, 0, 0, 0, 0, 0.0, 0, 1, 1], [0, 1, 1, 0, 1, 0, -1, 0, 0, 0, 0, 0.0, 0, 1, 1], [0, 1, 1, 0, 1, 0, -1, 0, 0, 0, 0, 0.0, 0, 0, 0], [0, 1, 1, 0, 1, 0, -1, 0, 0, 0, 0, 0.0, 0, 0, 0], [0, 1, 1, 1, 0, 1, 0, 0, 0, 0, 0, 0.0, 0, 1, 1], [0, 1, 1, 1, 0, 1, 0, 0, 0, 0, 0, 0.0, 0, 1, 1], [0, 1, 1, 1, 0, 1, 0, 0, 0, 0, 0, 0.0, 0, 1, 1], [0, 1, 1, 1, 0, 1, 0, 0, 0, 0, 0, 0.0, 0, 1, 1], [0, 1, 1, 0, 1, 0, -1, 0, 0, 0, 0, 0.0, 0, 0, 0], [0, 1, 1, 0, 1, 0, -1, 0, 0, 0, 0, 0.0, 0, 0, 0], [0, 1, 1, 0, 0, 1, 0, 0, 0, 0, 0, 1.0, 1, 1, 1], [0, 1, 1, 0, 0, 1, 0, 0, 0, 0, 0, 1.0, 1, 1, 1], [0, 1, 1, 0, 1, 0, -1, 0, 0, 0, 0, 0.0, 0, 1, 1], [0, 1, 1, 0, 1, 0, -1, 0, 0, 0, 0, 0.0, 0, 1, 1], [0, 1, 1, 0, 1, 0, -1, 0, 0, 0, 0, 0.0, 0, 1, 1], [0, 1, 1, 0, 1, 0, -1, 0, 0, 0, 0, 0.0, 0, 1, 1], [0, 1, 1, 0, 1, 0, -1, 0, 0, 0, 0, 0.0, 0, 1, 1], [0, 1, 1, 0, 1, 0, -1, 0, 0, 0, 0, 0.0, 0, 1, 1], [0, 1, 1, 0, 0, 1, 0, 0, 0, 0, 0, 1.0, 1, 1, 1], [0, 1, 1, 0, 0, 1, 0, 0, 0, 0, 0, 1.0, 1, 1, 1], [0, 1, 1, 1, 0, 1, 0, 0, 0, 0, 0, 0.0, 0, 1, 1], [0, 1, 1, 1, 0, 1, 0, 0, 0, 0, 0, 0.0, 0, 1, 1], [0, 1, 1, 0, 1, 0, -1, 0, 0, 0, 0, 0.0, 0, 1, 1], [0, 1, 1, 0, 1, 0, -1, 0, 0, 0, 0, 0.0, 0, 1, 1], [0, 1, 1, 1, 0, 1, 0, 0, 0, 0, 0, 0.0, 0, 1, 1], [0, 1, 1, 1, 0, 1, 0, 0, 0, 0, 0, 0.0, 0, 1, 1], [0, 1, 1, 1, 0, 1, 0, 0, 0, 0, 0, 0.0, 0, 1, 1], [0, 1, 1, 1, 0, 1, 0, 0, 0, 0, 0, 0.0, 0, 1, 1], [0, 1, 1, 0, 1, 0, -1, 0, 0, 0, 0, 0.0, 0, 1, 1], [0, 1, 1, 0, 1, 0, -1, 0, 0, 0, 0, 0.0, 0, 1, 1], [0, 1, 1, 0, 1, 0, -1, 0, 0, 0, 0, 0.0, 0, 1, 1], [0, 1, 1, 0, 1, 0, -1, 0, 0, 0, 0, 0.0, 0, 1, 1], [0, 1, 1, 0, 1, 0, -1, 0, 0, 0, 0, 0.0, 0, 1, 1], [0, 1, 1, 0, 1, 0, -1, 0, 0, 0, 0, 0.0, 0, 1, 1], [0, 1, 1, 0, 1, 0, -1, 0, 0, 0, 0, 0.0, 0, 1, 1], [0, 1, 1, 0, 1, 0, -1, 0, 0, 0, 0, 0.0, 0, 1, 1], [0, 1, 1, 1, 0, 1, 0, 0, 0, 0, 0, 0.0, 0, 1, 1], [0, 1, 1, 1, 0, 1, 0, 0, 0, 0, 0, 0.0, 0, 1, 1], [0, 1, 1, 1, 0, 1, 0, 0, 0, 0, 0, 0.0, 0, 1, 1], [0, 1, 1, 1, 0, 1, 0, 0, 0, 0, 0, 0.0, 0, 1, 1], [0, 1, 1, 0, 1, 0, -1, 0, 0, 0, 0, 0.0, 0, 1, 1], [0, 1, 1, 0, 1, 0, -1, 0, 0, 0, 0, 0.0, 0, 1, 1], [0, 1, 1, 0, 1, 0, -1, 0, 0, 0, 0, 0.0, 0, 1, 1], [0, 1, 1, 0, 1, 0, -1, 0, 0, 0, 0, 0.0, 0, 1, 1], [0, 1, 1, 0, 1, 0, -1, 0, 0, 0, 0, 0.0, 0, 1, 1], [0, 1, 1, 0, 1, 0, -1, 0, 0, 0, 0, 0.0, 0, 1, 1], [0, 1, 1, 0, 1, 0, -1, 0, 0, 0, 0, 0.0, 0, 0, 0], [0, 1, 1, 0, 1, 0, -1, 0, 0, 0, 0, 0.0, 0, 0, 0], [0, 1, 1, 0, 1, 0, -1, 0, 0, 0, 0, 0.0, 0, 1, 1], [0, 1, 1, 0, 1, 0, -1, 0, 0, 0, 0, 0.0, 0, 1, 1], [0, 1, 1, 0, 1, 0, -1, 0, 0, 0, 0, 0.0, 0, 0, 0], [0, 1, 1, 0, 1, 0, -1, 0, 0, 0, 0, 0.0, 0, 0, 0], [0, 1, 1, 0, 1, 0, -1, 0, 0, 0, 0, 0.0, 0, 1, 1], [0, 1, 1, 0, 1, 0, -1, 0, 0, 0, 0, 0.0, 0, 1, 1], [0, 1, 1, 0, 0, 1, 0, 0, 0, 0, 0, 1.0, 1, 1, 1], [0, 1, 1, 0, 0, 1, 0, 0, 0, 0, 0, 1.0, 1, 1, 1], [0, 1, 1, 0, 0, 1, 0, 0, 0, 0, 0, 1.0, 1, 1, 1], [0, 1, 1, 1, 0, 1, 0, 0, 0, 0, 0, 0.0, 0, 1, 1], [0, 1, 1, 1, 0, 1, 0, 0, 0, 0, 0, 0.0, 0, 1, 1], [0, 1, 1, 0, 1, 0, -1, 0, 0, 0, 0, 0.0, 0, 1, 1], [0, 1, 1, 0, 1, 0, -1, 0, 0, 0, 0, 0.0, 0, 1, 1], [0, 1, 1, 0, 1, 0, -1, 0, 0, 0, 0, 0.0, 0, 1, 1], [0, 1, 1, 0, 1, 0, -1, 0, 0, 0, 0, 0.0, 0, 1, 1], [0, 1, 1, 0, 1, 0, -1, 0, 0, 0, 0, 0.0, 0, 0, 0], [0, 1, 1, 0, 1, 0, -1, 0, 0, 0, 0, 0.0, 0, 0, 0], [0, 1, 1, 0, 1, 0, -1, 0, 0, 0, 0, 0.0, 0, 1, 1], [0, 1, 1, 0, 1, 0, -1, 0, 0, 0, 0, 0.0, 0, 1, 1], [0, 1, 1, 0, 1, 0, -1, 0, 0, 0, 0, 0.0, 0, 0, 0], [0, 1, 1, 0, 1, 0, -1, 0, 0, 0, 0, 0.0, 0, 0, 0], [0, 1, 1, 0, 1, 0, -1, 0, 0, 0, 0, 0.0, 0, 0, 0], [0, 1, 1, 0, 1, 0, -1, 0, 0, 0, 0, 0.0, 0, 0, 0], [0, 1, 1, 0, 1, 0, -1, 0, 0, 0, 0, 0.0, 0, 1, 1], [0, 1, 1, 0, 1, 0, -1, 0, 0, 0, 0, 0.0, 0, 1, 1], [0, 1, 1, 1, 0, 1, 0, 0, 0, 0, 0, 0.0, 0, 1, 1], [0, 1, 1, 1, 0, 1, 0, 0, 0, 0, 0, 0.0, 0, 1, 1], [0, 1, 1, 1, 0, 1, 0, 0, 0, 0, 0, 0.0, 0, 1, 1], [0, 1, 1, 1, 0, 1, 0, 0, 0, 0, 0, 0.0, 0, 1, 1], [0, 1, 1, 1, 0, 1, 0, 0, 0, 0, 0, 0.0, 0, 1, 1], [0, 1, 1, 1, 0, 1, 0, 0, 0, 0, 0, 0.0, 0, 1, 1], [0, 1, 1, 0, 1, 0, -1, 0, 0, 0, 0, 0.0, 0, 0, 0], [0, 1, 1, 0, 1, 0, -1, 0, 0, 0, 0, 0.0, 0, 0, 0], [0, 1, 1, 0, 1, 0, -1, 0, 0, 0, 0, 0.0, 0, 0, 0], [0, 1, 1, 0, 1, 0, -1, 0, 0, 0, 0, 0.0, 0, 1, 1], [0, 1, 1, 0, 1, 0, -1, 0, 0, 0, 0, 0.0, 0, 1, 1], [0, 1, 1, 0, 1, 0, -1, 0, 0, 0, 0, 0.0, 0, 1, 1], [0, 1, 1, 0, 1, 0, -1, 0, 0, 0, 0, 0.0, 0, 1, 1], [0, 1, 1, 0, 1, 0, -1, 0, 0, 0, 0, 0.0, 0, 1, 1], [0, 1, 1, 0, 1, 0, -1, 0, 0, 0, 0, 0.0, 0, 1, 1], [0, 1, 1, 0, 1, 0, -1, 0, 0, 0, 0, 0.0, 0, 1, 1], [0, 1, 1, 0, 1, 0, -1, 0, 0, 0, 0, 0.0, 0, 0, 0], [0, 1, 1, 0, 1, 0, -1, 0, 0, 0, 0, 0.0, 0, 0, 0], [0, 1, 1, 0, 1, 0, -1, 0, 0, 0, 0, 0.0, 0, 1, 1], [0, 1, 1, 0, 1, 0, -1, 0, 0, 0, 0, 0.0, 0, 1, 1], [0, 1, 1, 0, 1, 0, -1, 0, 0, 0, 0, 0.0, 0, 1, 1], [0, 1, 1, 0, 1, 0, -1, 0, 0, 0, 0, 0.0, 0, 1, 1], [0, 1, 1, 0, 1, 0, -1, 0, 0, 0, 0, 0.0, 0, 0, 0], [0, 1, 1, 0, 1, 0, -1, 0, 0, 0, 0, 0.0, 0, 0, 0], [0, 1, 1, 0, 1, 0, -1, 0, 0, 0, 0, 0.0, 0, 1, 1], [0, 1, 1, 0, 1, 0, -1, 0, 0, 0, 0, 0.0, 0, 1, 1], [0, 1, 1, 0, 1, 0, -1, 0, 0, 0, 0, 0.0, 0, 1, 1], [0, 1, 1, 0, 1, 0, -1, 0, 0, 0, 0, 0.0, 0, 0, 0], [0, 1, 1, 0, 1, 0, -1, 0, 0, 0, 0, 0.0, 0, 0, 0], [0, 1, 1, 1, 0, 1, 0, 0, 0, 0, 0, 0.0, 0, 1, 1], [0, 1, 1, 1, 0, 1, 0, 0, 0, 0, 0, 0.0, 0, 1, 1], [0, 1, 1, 1, 0, 1, 0, 0, 0, 0, 0, 0.0, 0, 1, 1], [0, 1, 1, 1, 0, 1, 0, 0, 0, 0, 0, 0.0, 0, 1, 1], [0, 1, 1, 1, 0, 1, 0, 0, 0, 0, 0, 0.0, 0, 1, 1], [0, 1, 1, 0, 1, 0, -1, 0, 0, 0, 0, 0.0, 0, 1, 1], [0, 1, 1, 0, 1, 0, -1, 0, 0, 0, 0, 0.0, 0, 1, 1], [0, 1, 1, 0, 1, 0, -1, 0, 0, 0, 0, 0.0, 0, 1, 1], [0, 1, 1, 0, 1, 0, -1, 0, 0, 0, 0, 0.0, 0, 1, 1], [0, 1, 1, 1, 0, 1, 0, 0, 0, 0, 0, 0.0, 0, 1, 1], [0, 1, 1, 1, 0, 1, 0, 0, 0, 0, 0, 0.0, 0, 1, 1], [0, 1, 1, 1, 0, 1, 0, 0, 0, 0, 0, 0.0, 0, 1, 1], [0, 1, 1, 1, 0, 1, 0, 0, 0, 0, 0, 0.0, 0, 1, 1], [0, 1, 1, 0, 1, 0, -1, 0, 0, 0, 0, 0.0, 0, 1, 1], [0, 1, 1, 0, 1, 0, -1, 0, 0, 0, 0, 0.0, 0, 1, 1], [0, 1, 1, 0, 1, 0, -1, 0, 0, 0, 0, 0.0, 0, 1, 1], [0, 1, 1, 0, 1, 0, -1, 0, 0, 0, 0, 0.0, 0, 1, 1], [0, 1, 1, 0, 1, 0, -1, 0, 0, 0, 0, 0.0, 0, 1, 1], [0, 1, 1, 0, 1, 0, -1, 0, 0, 0, 0, 0.0, 0, 1, 1], [0, 1, 1, 0, 0, 1, 0, 0, 0, 0, 0, 1.0, 2, 1, 1], [0, 1, 1, 0, 0, 1, 0, 0, 0, 0, 0, 1.0, 2, 1, 1], [0, 1, 1, 0, 1, 0, -1, 0, 0, 0, 0, 0.0, 0, 0, 0], [0, 1, 1, 0, 1, 0, -1, 0, 0, 0, 0, 0.0, 0, 0, 0], [0, 1, 1, 0, 0, 1, 0, 0, 0, 0, 0, 1.0, 1, 1, 1], [0, 1, 1, 0, 0, 1, 0, 0, 0, 0, 0, 1.0, 1, 1, 1], [0, 1, 1, 1, 0, 1, 0, 0, 0, 0, 0, 0.0, 0, 1, 1], [0, 1, 1, 1, 0, 1, 0, 0, 0, 0, 0, 0.0, 0, 1, 1], [0, 1, 1, 0, 1, 0, -1, 0, 0, 0, 0, 0.0, 0, 1, 1], [0, 1, 1, 0, 1, 0, -1, 0, 0, 0, 0, 0.0, 0, 1, 1], [0, 1, 1, 0, 1, 0, -1, 0, 0, 0, 0, 0.0, 0, 1, 1], [0, 1, 1, 0, 1, 0, -1, 0, 0, 0, 0, 0.0, 0, 1, 1], [0, 1, 1, 0, 1, 0, -1, 0, 0, 0, 0, 0.0, 0, 1, 1], [0, 1, 1, 0, 1, 0, -1, 0, 0, 0, 0, 0.0, 0, 1, 1], [0, 1, 1, 0, 1, 0, -1, 0, 0, 0, 0, 0.0, 0, 1, 1], [0, 1, 1, 0, 1, 0, -1, 0, 0, 0, 0, 0.0, 0, 1, 1], [0, 1, 1, 0, 1, 0, -1, 0, 0, 0, 0, 0.0, 0, 1, 1], [0, 1, 1, 0, 1, 0, -1, 0, 0, 0, 0, 0.0, 0, 1, 1], [0, 1, 1, 0, 1, 0, -1, 0, 0, 0, 0, 0.0, 0, 1, 1], [0, 1, 1, 0, 1, 0, -1, 0, 0, 0, 0, 0.0, 0, 1, 1], [0, 1, 1, 0, 1, 0, -1, 0, 0, 0, 0, 0.0, 0, 1, 1], [0, 1, 1, 0, 1, 0, -1, 0, 0, 0, 0, 0.0, 0, 1, 1], [0, 1, 1, 1, 0, 1, 0, 0, 0, 0, 0, 0.0, 0, 1, 1], [0, 1, 1, 1, 0, 1, 0, 0, 0, 0, 0, 0.0, 0, 1, 1], [0, 1, 1, 1, 0, 1, 0, 0, 0, 0, 0, 0.0, 0, 1, 1], [0, 1, 1, 1, 0, 1, 0, 0, 0, 0, 0, 0.0, 0, 1, 1], [0, 1, 1, 1, 0, 1, 0, 0, 0, 0, 0, 0.0, 0, 1, 1], [0, 1, 1, 1, 0, 1, 0, 0, 0, 0, 0, 0.0, 0, 1, 1], [0, 1, 1, 1, 0, 1, 0, 0, 0, 0, 0, 0.0, 0, 1, 1], [0, 1, 1, 0, 1, 0, -1, 0, 0, 0, 0, 0.0, 0, 1, 1], [0, 1, 1, 0, 1, 0, -1, 0, 0, 0, 0, 0.0, 0, 1, 1], [0, 1, 1, 0, 1, 0, -1, 0, 0, 0, 0, 0.0, 0, 1, 1], [0, 1, 1, 0, 1, 0, -1, 0, 0, 0, 0, 0.0, 0, 1, 1], [0, 1, 1, 0, 1, 0, -1, 0, 0, 0, 0, 0.0, 0, 1, 1], [0, 1, 1, 0, 1, 0, -1, 0, 0, 0, 0, 0.0, 0, 1, 1], [0, 1, 1, 1, 0, 1, 0, 0, 0, 0, 0, 0.0, 0, 1, 1], [0, 1, 1, 1, 0, 1, 0, 0, 0, 0, 0, 0.0, 0, 1, 1], [0, 1, 1, 1, 0, 1, 0, 0, 0, 0, 0, 0.0, 0, 1, 1], [0, 1, 1, 1, 0, 1, 0, 0, 0, 0, 0, 0.0, 0, 1, 1], [0, 1, 1, 0, 1, 0, -1, 0, 0, 0, 0, 0.0, 0, 1, 1], [0, 1, 1, 0, 1, 0, -1, 0, 0, 0, 0, 0.0, 0, 1, 1], [0, 1, 1, 0, 1, 0, -1, 0, 0, 0, 0, 0.0, 0, 1, 1], [0, 1, 1, 0, 1, 0, -1, 0, 0, 0, 0, 0.0, 0, 1, 1], [0, 1, 1, 0, 1, 0, -1, 0, 0, 0, 0, 0.0, 0, 1, 1], [0, 1, 1, 0, 1, 0, -1, 0, 0, 0, 0, 0.0, 0, 1, 1], [0, 1, 1, 0, 0, 1, 0, 0, 0, 0, 0, 1.0, 1, 1, 1], [0, 1, 1, 0, 0, 1, 0, 0, 0, 0, 0, 1.0, 1, 1, 1], [0, 1, 1, 0, 0, 1, 0, 0, 0, 0, 0, 1.0, 1, 1, 1], [0, 1, 1, 0, 0, 1, 0, 0, 0, 0, 0, 1.0, 1, 1, 1], [0, 1, 1, 0, 0, 1, 0, 0, 0, 0, 0, 1.0, 1, 1, 1], [0, 1, 1, 0, 1, 0, -1, 0, 0, 0, 0, 0.0, 0, 0, 0], [0, 1, 1, 0, 1, 0, -1, 0, 0, 0, 0, 0.0, 0, 0, 0], [0, 1, 1, 0, 0, 1, 0, 0, 0, 0, 0, 0.5, 2, 1, 0], [0, 1, 1, 0, 0, 1, 0, 0, 0, 0, 0, 0.5, 2, 1, 0], [0, 1, 1, 0, 0, 1, 0, 0, 0, 0, 0, 0.5, 2, 1, 0], [0, 1, 1, 0, 1, 0, -1, 0, 0, 0, 0, 0.0, 0, 1, 1], [0, 1, 1, 0, 1, 0, -1, 0, 0, 0, 0, 0.0, 0, 1, 1], [0, 1, 1, 1, 0, 1, 0, 0, 0, 0, 0, 0.0, 0, 1, 1], [0, 1, 1, 1, 0, 1, 0, 0, 0, 0, 0, 0.0, 0, 1, 1], [0, 1, 1, 1, 0, 1, 0, 0, 0, 0, 0, 0.0, 0, 1, 1], [0, 1, 1, 1, 0, 1, 0, 0, 0, 0, 0, 0.0, 0, 1, 1], [0, 1, 1, 1, 0, 1, 0, 0, 0, 0, 0, 0.0, 0, 1, 1], [0, 1, 1, 0, 1, 0, -1, 0, 0, 0, 0, 0.0, 0, 1, 1], [0, 1, 1, 0, 1, 0, -1, 0, 0, 0, 0, 0.0, 0, 1, 1], [0, 1, 1, 0, 1, 0, -1, 0, 0, 0, 0, 0.0, 0, 1, 1], [0, 1, 1, 0, 1, 0, -1, 0, 0, 0, 0, 0.0, 0, 1, 1], [0, 1, 1, 0, 1, 0, -1, 0, 0, 0, 0, 0.0, 0, 0, 0], [0, 1, 1, 0, 1, 0, -1, 0, 0, 0, 0, 0.0, 0, 0, 0], [0, 1, 1, 0, 1, 0, -1, 0, 0, 0, 0, 0.0, 0, 1, 1], [0, 1, 1, 0, 1, 0, -1, 0, 0, 0, 0, 0.0, 0, 1, 1], [0, 1, 1, 0, 1, 0, -1, 0, 0, 0, 0, 0.0, 0, 0, 0], [0, 1, 1, 0, 1, 0, -1, 0, 0, 0, 0, 0.0, 0, 0, 0], [0, 1, 1, 0, 0, 1, 0, 0, 0, 0, 0, 1.0, 1, 1, 1], [0, 1, 1, 0, 0, 1, 0, 0, 0, 0, 0, 1.0, 1, 1, 1], [0, 1, 1, 0, 0, 1, 0, 0, 0, 0, 0, 1.0, 1, 1, 1], [0, 1, 1, 0, 1, 0, -1, 0, 0, 0, 0, 0.0, 0, 0, 0], [0, 1, 1, 0, 1, 0, -1, 0, 0, 0, 0, 0.0, 0, 0, 0], [0, 1, 1, 0, 1, 0, -1, 0, 0, 0, 0, 0.0, 0, 0, 0], [0, 1, 1, 0, 1, 0, -1, 0, 0, 0, 0, 0.0, 0, 0, 0], [0, 1, 1, 0, 1, 0, -1, 0, 0, 0, 0, 0.0, 0, 0, 0], [0, 1, 1, 0, 1, 0, -1, 0, 0, 0, 0, 0.0, 0, 0, 0], [0, 1, 1, 0, 0, 1, 0, 0, 0, 0, 0, 1.0, 1, 1, 1], [0, 1, 1, 0, 0, 1, 0, 0, 0, 0, 0, 1.0, 1, 1, 1], [0, 1, 1, 0, 1, 0, -1, 0, 0, 0, 0, 0.0, 0, 1, 1], [0, 1, 1, 0, 1, 0, -1, 0, 0, 0, 0, 0.0, 0, 1, 1], [0, 1, 1, 1, 0, 1, 0, 0, 0, 0, 0, 0.0, 0, 1, 1], [0, 1, 1, 1, 0, 1, 0, 0, 0, 0, 0, 0.0, 0, 1, 1], [0, 1, 1, 0, 1, 0, -1, 0, 0, 0, 0, 0.0, 0, 1, 1], [0, 1, 1, 0, 0, 1, 0, 0, 0, 0, 0, 1.0, 1, 1, 1], [0, 1, 1, 0, 0, 1, 0, 0, 0, 0, 0, 1.0, 1, 1, 1], [0, 1, 1, 1, 0, 1, 0, 0, 0, 0, 0, 0.0, 0, 1, 1], [0, 1, 1, 1, 0, 1, 0, 0, 0, 0, 0, 0.0, 0, 1, 1], [0, 1, 1, 1, 0, 1, 0, 0, 0, 0, 0, 0.0, 0, 1, 1], [0, 1, 1, 1, 0, 1, 0, 0, 0, 0, 0, 0.0, 0, 1, 1], [0, 1, 1, 0, 1, 0, -1, 0, 0, 0, 0, 0.0, 0, 1, 1], [0, 1, 1, 0, 1, 0, -1, 0, 0, 0, 0, 0.0, 0, 1, 1], [0, 1, 1, 0, 1, 0, -1, 0, 0, 0, 0, 0.0, 0, 1, 1], [0, 1, 1, 0, 1, 0, -1, 0, 0, 0, 0, 0.0, 0, 1, 1], [0, 1, 1, 0, 1, 0, -1, 0, 0, 0, 0, 0.0, 0, 1, 1], [0, 1, 1, 0, 1, 0, -1, 0, 0, 0, 0, 0.0, 0, 1, 1], [0, 1, 1, 0, 1, 0, -1, 0, 0, 0, 0, 0.0, 0, 1, 1], [0, 1, 1, 0, 1, 0, -1, 0, 0, 0, 0, 0.0, 0, 1, 1], [0, 1, 1, 0, 1, 0, -1, 0, 0, 0, 0, 0.0, 0, 1, 1], [0, 1, 1, 0, 1, 0, -1, 0, 0, 0, 0, 0.0, 0, 1, 1], [0, 1, 1, 0, 0, 1, 0, 0, 0, 0, 0, 1.0, 1, 1, 1], [0, 1, 1, 0, 0, 1, 0, 0, 0, 0, 0, 1.0, 1, 1, 1], [0, 1, 1, 0, 0, 1, 0, 0, 0, 0, 0, 1.0, 1, 1, 1], [0, 1, 1, 1, 0, 1, 0, 0, 0, 0, 0, 0.0, 0, 1, 1], [0, 1, 1, 1, 0, 1, 0, 0, 0, 0, 0, 0.0, 0, 1, 1], [0, 1, 1, 1, 0, 1, 0, 0, 0, 0, 0, 0.0, 0, 1, 1], [0, 1, 1, 1, 0, 1, 0, 0, 0, 0, 0, 0.0, 0, 1, 1], [0, 1, 1, 0, 1, 0, -1, 0, 0, 0, 0, 0.0, 0, 1, 1], [0, 1, 1, 0, 1, 0, -1, 0, 0, 0, 0, 0.0, 0, 1, 1], [0, 1, 1, 0, 1, 0, -1, 0, 0, 0, 0, 0.0, 0, 0, 0], [0, 1, 1, 0, 1, 0, -1, 0, 0, 0, 0, 0.0, 0, 0, 0], [0, 1, 1, 0, 1, 0, -1, 0, 0, 0, 0, 0.0, 0, 1, 1], [0, 1, 1, 0, 1, 0, -1, 0, 0, 0, 0, 0.0, 0, 1, 1], [0, 1, 1, 0, 1, 0, -1, 0, 0, 0, 0, 0.0, 0, 1, 1], [0, 1, 1, 0, 1, 0, -1, 0, 0, 0, 0, 0.0, 0, 1, 1], [0, 1, 1, 0, 1, 0, -1, 0, 0, 0, 0, 0.0, 0, 1, 1], [0, 1, 1, 0, 1, 0, -1, 0, 0, 0, 0, 0.0, 0, 1, 1], [0, 1, 1, 1, 0, 1, 0, 0, 0, 0, 0, 0.0, 0, 1, 1], [0, 1, 1, 1, 0, 1, 0, 0, 0, 0, 0, 0.0, 0, 1, 1], [0, 1, 1, 1, 0, 1, 0, 0, 0, 0, 0, 0.0, 0, 1, 1], [0, 1, 1, 1, 0, 1, 0, 0, 0, 0, 0, 0.0, 0, 1, 1], [0, 1, 1, 1, 0, 1, 0, 0, 0, 0, 0, 0.0, 0, 1, 1], [0, 1, 1, 1, 0, 1, 0, 0, 0, 0, 0, 0.0, 0, 1, 1], [0, 1, 1, 0, 1, 0, -1, 0, 0, 0, 0, 0.0, 0, 1, 1], [0, 1, 1, 0, 1, 0, -1, 0, 0, 0, 0, 0.0, 0, 1, 1], [0, 1, 1, 0, 1, 0, -1, 0, 0, 0, 0, 0.0, 0, 1, 1], [0, 1, 1, 0, 1, 0, -1, 0, 0, 0, 0, 0.0, 0, 1, 1], [0, 1, 1, 0, 1, 0, -1, 0, 0, 0, 0, 0.0, 0, 1, 1], [0, 1, 1, 0, 1, 0, -1, 0, 0, 0, 0, 0.0, 0, 1, 1], [0, 1, 1, 0, 1, 0, -1, 0, 0, 0, 0, 0.0, 0, 1, 1], [0, 1, 1, 0, 1, 0, -1, 0, 0, 0, 0, 0.0, 0, 1, 1], [0, 1, 1, 0, 0, 1, 0, 0, 0, 0, 0, 1.0, 1, 1, 1], [0, 1, 1, 0, 0, 1, 0, 0, 0, 0, 0, 1.0, 1, 1, 1], [0, 1, 1, 0, 1, 0, -1, 0, 0, 0, 0, 0.0, 0, 0, 0], [0, 1, 1, 0, 1, 0, -1, 0, 0, 0, 0, 0.0, 0, 0, 0], [0, 1, 1, 0, 1, 0, -1, 0, 0, 0, 0, 0.0, 0, 0, 0], [0, 1, 1, 0, 1, 0, -1, 0, 0, 0, 0, 0.0, 0, 0, 0], [0, 1, 1, 1, 0, 1, 0, 0, 0, 0, 0, 0.0, 0, 1, 1], [0, 1, 1, 1, 0, 1, 0, 0, 0, 0, 0, 0.0, 0, 1, 1], [0, 1, 1, 0, 1, 0, -1, 0, 0, 0, 0, 0.0, 0, 1, 1], [0, 1, 1, 0, 1, 0, -1, 0, 0, 0, 0, 0.0, 0, 1, 1], [0, 1, 1, 0, 1, 0, -1, 0, 0, 0, 0, 0.0, 0, 0, 0], [0, 1, 1, 0, 1, 0, -1, 0, 0, 0, 0, 0.0, 0, 0, 0], [0, 1, 1, 0, 1, 0, -1, 0, 0, 0, 0, 0.0, 0, 0, 0], [0, 1, 1, 0, 1, 0, -1, 0, 0, 0, 0, 0.0, 0, 0, 0], [0, 1, 1, 0, 1, 0, -1, 0, 0, 0, 0, 0.0, 0, 0, 0], [0, 1, 1, 0, 1, 0, -1, 0, 0, 0, 0, 0.0, 0, 1, 1], [0, 1, 1, 0, 1, 0, -1, 0, 0, 0, 0, 0.0, 0, 1, 1], [0, 1, 1, 0, 1, 0, -1, 0, 0, 0, 0, 0.0, 0, 1, 1], [0, 1, 1, 0, 1, 0, -1, 0, 0, 0, 0, 0.0, 0, 1, 1], [0, 1, 1, 0, 1, 0, -1, 0, 0, 0, 0, 0.0, 0, 1, 1], [0, 1, 1, 0, 1, 0, -1, 0, 0, 0, 0, 0.0, 0, 1, 1], [0, 1, 1, 0, 0, 1, 0, 0, 0, 0, 0, 1.0, 1, 1, 1], [0, 1, 1, 0, 0, 1, 0, 0, 0, 0, 0, 1.0, 1, 1, 1], [0, 1, 1, 0, 0, 1, 0, 0, 0, 0, 0, 1.0, 1, 1, 1], [0, 1, 1, 0, 0, 1, 0, 0, 0, 0, 0, 1.0, 1, 1, 1], [0, 1, 1, 0, 1, 0, -1, 0, 0, 0, 0, 0.0, 0, 0, 0], [0, 1, 1, 0, 1, 0, -1, 0, 0, 0, 0, 0.0, 0, 0, 0], [0, 1, 1, 0, 1, 0, -1, 0, 0, 0, 0, 0.0, 0, 0, 0], [0, 1, 1, 0, 1, 0, -1, 0, 0, 0, 0, 0.0, 0, 0, 0], [0, 1, 1, 0, 1, 0, -1, 0, 0, 0, 0, 0.0, 0, 1, 1], [0, 1, 1, 0, 1, 0, -1, 0, 0, 0, 0, 0.0, 0, 1, 1], [0, 1, 1, 0, 1, 0, -1, 0, 0, 0, 0, 0.0, 0, 1, 1], [0, 1, 1, 0, 1, 0, -1, 0, 0, 0, 0, 0.0, 0, 1, 1], [0, 1, 1, 0, 1, 0, -1, 0, 0, 0, 0, 0.0, 0, 0, 0], [0, 1, 1, 0, 1, 0, -1, 0, 0, 0, 0, 0.0, 0, 0, 0], [0, 1, 1, 0, 1, 0, -1, 0, 0, 0, 0, 0.0, 0, 1, 1], [0, 1, 1, 0, 1, 0, -1, 0, 0, 0, 0, 0.0, 0, 1, 1], [0, 1, 1, 0, 1, 0, -1, 0, 0, 0, 0, 0.0, 0, 1, 1], [0, 1, 1, 0, 1, 0, -1, 0, 0, 0, 0, 0.0, 0, 1, 1], [0, 1, 1, 0, 1, 0, -1, 0, 0, 0, 0, 0.0, 0, 1, 1], [0, 1, 1, 0, 1, 0, -1, 0, 0, 0, 0, 0.0, 0, 1, 1], [0, 1, 1, 1, 0, 1, 0, 0, 0, 0, 0, 0.0, 0, 1, 1], [0, 1, 1, 1, 0, 1, 0, 0, 0, 0, 0, 0.0, 0, 1, 1], [0, 1, 2, 1, 0, 1, 1, 0, 0, 0, 0, 0.0, 0, 1, 0], [0, 0, 1, 1, 0, 1, 0, 0, 0, 0, 0, 0.0, 0, 1, 0], [0, 1, 2, 1, 0, 1, 0, 0, 0, 0, 0, 0.0, 0, 1, 0], [0, 1, 2, 1, 0, 1, 0, 0, 0, 0, 0, 0.0, 0, 1, 0], [0, 0, 5, 0, 0, 0, -1, 0, 0, 0, 0, 0.0, 0, 0, 0], [0, 1, 6, 0, 0, 0, -1, 0, 0, 0, 0, 0.0, 0, 1, 0], [0, 0, 5, 0, 0, 0, -1, 0, 0, 0, 0, 0.0, 0, 0, 0], [0, 1, 6, 0, 0, 0, -1, 0, 0, 0, 0, 0.0, 0, 1, 0], [0, 0, 5, 0, 0, 0, -1, 0, 0, 0, 0, 0.0, 0, 1, 0], [0, 0, 5, 0, 0, 0, -1, 0, 0, 0, 0, 0.0, 0, 0, 0], [0, 0, 5, 0, 0, 0, -1, 0, 0, 0, 0, 0.0, 0, 0, 0], [0, 0, 5, 0, 0, 0, -1, 0, 0, 0, 0, 0.0, 0, 0, 0], [0, 0, 5, 0, 0, 0, -1, 0, 0, 0, 0, 0.0, 0, 0, 0], [0, 0, 5, 1, 0, 1, 4, 0, 0, 0, 0, 0.0, 0, 0, 0], [0, 0, 5, 0, 0, 0, -1, 0, 0, 0, 0, 0.0, 0, 0, 0], [0, 0, 5, 0, 0, 0, -1, 0, 0, 0, 0, 0.0, 0, 0, 0], [0, 1, 6, 0, 0, 0, -1, 0, 0, 0, 0, 0.0, 0, 1, 1], [0, 1, 6, 0, 0, 0, -1, 0, 0, 0, 0, 0.0, 0, 1, 1], [0, 1, 2, 0, 1, 0, -1, 0, 0, 0, 0, 0.0, 0, 1, 1], [0, 1, 2, 0, 1, 0, -1, 0, 0, 0, 0, 0.0, 0, 1, 1], [0, 1, 2, 0, 1, 0, -1, 0, 0, 0, 0, 0.0, 0, 1, 1], [0, 1, 2, 0, 1, 0, -1, 0, 0, 0, 0, 0.0, 0, 1, 1], [0, 0, 1, 1, 0, 1, 0, 0, 0, 0, 0, 0.0, 0, 0, 0], [0, 1, 2, 1, 0, 1, 0, 0, 0, 0, 0, 0.0, 0, 1, 1], [0, 1, 2, 1, 0, 1, 0, 0, 0, 0, 0, 0.0, 0, 1, 1], [0, 1, 2, 1, 0, 1, 0, 0, 0, 0, 0, 0.0, 0, 1, 1], [0, 1, 2, 1, 0, 1, 0, 0, 0, 0, 0, 0.0, 0, 1, 1], [0, 0, 1, 1, 0, 1, 0, 0, 0, 0, 0, 0.0, 0, 0, 0], [0, 0, 6, 0, 0, 0, -1, 0, 0, 0, 0, 0.0, 0, 0, 0], [0, 0, 6, 0, 0, 0, -1, 0, 0, 0, 0, 0.0, 0, 0, 0], [0, 0, 6, 0, 0, 0, -1, 0, 0, 0, 0, 0.0, 0, 0, 0], [0, 1, 6, 0, 0, 0, -1, 0, 0, 0, 0, 0.0, 0, 0, 0], [0, 0, 6, 0, 0, 0, -1, 0, 0, 0, 0, 0.0, 0, 0, 0], [0, 1, 6, 0, 0, 0, -1, 0, 0, 0, 0, 0.0, 0, 0, 0], [0, 0, 6, 0, 0, 0, -1, 0, 0, 0, 0, 0.0, 0, 0, 0], [0, 0, 6, 0, 0, 0, -1, 0, 0, 0, 0, 0.0, 0, 0, 0], [1, 1, 2, 0, 1, 1, 1, 1, 0, 1, 1, 1.0, 1, 1, 1], [1, 1, 2, 0, 1, 1, 1, 1, 0, 1, 1, 1.0, 1, 1, 1], [1, 1, 2, 0, 1, 1, 1, 1, 0, 1, 1, 1.0, 1, 1, 1], [0, 1, 2, 1, 0, 1, 0, 0, 0, 0, 0, 0.0, 0, 1, 0], [0, 1, 2, 1, 0, 1, 0, 0, 0, 0, 0, 0.0, 0, 1, 0], [0, 0, 1, 1, 0, 1, 0, 0, 0, 0, 0, 0.0, 0, 0, 0], [0, 1, 2, 1, 0, 1, 0, 0, 0, 0, 0, 0.0, 0, 1, 0], [0, 1, 2, 1, 0, 1, 0, 0, 0, 0, 0, 0.0, 0, 1, 0], [0, 1, 2, 0, 1, 0, -1, 0, 0, 0, 0, 0.0, 0, 0, 0], [0, 1, 2, 0, 1, 0, -1, 0, 0, 0, 0, 0.0, 0, 0, 0], [0, 0, 1, 0, 0, 0, -1, 0, 0, 0, 0, 0.0, 0, 0, 0], [0, 0, 6, 0, 0, 0, -1, 0, 0, 0, 0, 0.0, 0, 0, 0], [0, 0, 6, 0, 0, 0, -1, 0, 0, 0, 0, 0.0, 0, 1, 0], [0, 0, 6, 0, 0, 0, -1, 0, 0, 0, 0, 0.0, 0, 0, 0], [0, 0, 6, 0, 0, 0, -1, 0, 0, 0, 0, 0.0, 0, 1, 0], [0, 0, 6, 0, 0, 0, -1, 0, 0, 0, 0, 0.0, 0, 1, 0], [0, 0, 6, 0, 0, 0, -1, 0, 0, 0, 0, 0.0, 0, 0, 0], [0, 1, 6, 0, 0, 0, -1, 0, 0, 0, 0, 0.0, 0, 0, 0], [0, 1, 6, 0, 0, 0, -1, 0, 0, 0, 0, 0.0, 0, 0, 0], [0, 0, 6, 0, 0, 0, -1, 0, 0, 0, 0, 0.0, 0, 0, 0], [0, 0, 6, 0, 0, 0, -1, 0, 0, 0, 0, 0.0, 0, 0, 0], [0, 0, 6, 0, 0, 0, -1, 0, 0, 0, 0, 0.0, 0, 0, 0], [0, 1, 6, 0, 1, 0, -1, 0, 0, 0, 0, 0.0, 0, 1, 1], [0, 1, 6, 0, 1, 0, -1, 0, 0, 0, 0, 0.0, 0, 1, 1], [0, 1, 6, 0, 1, 0, -1, 0, 0, 0, 0, 0.0, 0, 1, 1], [0, 1, 6, 0, 0, 0, -1, 0, 0, 0, 0, 0.0, 0, 0, 0], [0, 1, 6, 0, 0, 0, -1, 0, 0, 0, 0, 0.0, 0, 0, 0], [0, 1, 6, 0, 1, 0, -1, 0, 0, 0, 0, 0.0, 0, 1, 1], [0, 1, 6, 0, 0, 0, -1, 0, 0, 0, 0, 0.0, 0, 0, 0], [0, 1, 6, 0, 0, 0, -1, 0, 0, 0, 0, 0.0, 0, 0, 0], [0, 0, 5, 0, 0, 0, -1, 0, 0, 0, 0, 0.0, 0, 0, 0], [0, 1, 6, 0, 0, 0, -1, 0, 0, 0, 0, 0.0, 0, 0, 0], [0, 1, 6, 0, 0, 0, -1, 0, 0, 0, 0, 0.0, 0, 0, 0], [0, 1, 6, 0, 0, 0, -1, 0, 0, 0, 0, 0.0, 0, 0, 0], [0, 0, 5, 0, 0, 0, -1, 0, 0, 0, 0, 0.0, 0, 0, 0], [0, 0, 1, 1, 0, 1, 0, 0, 0, 0, 0, 0.0, 0, 0, 0], [0, 1, 2, 0, 1, 0, -1, 0, 0, 0, 0, 0.0, 0, 1, 1], [0, 1, 2, 0, 1, 0, -1, 0, 0, 0, 0, 0.0, 0, 1, 1], [0, 1, 2, 0, 1, 0, -1, 0, 0, 0, 0, 0.0, 0, 1, 1], [0, 1, 2, 1, 0, 1, 1, 0, 0, 0, 0, 0.0, 0, 1, 1], [0, 1, 2, 1, 0, 1, 1, 0, 0, 0, 0, 0.0, 0, 1, 1], [0, 0, 1, 0, 0, 1, 0, 0, 0, 0, 1, 0.2, 5, 1, 0], [0, 1, 2, 0, 1, 0, -1, 0, 0, 0, 0, 0.0, 0, 1, 1], [0, 0, 1, 1, 0, 1, 0, 0, 0, 0, 0, 0.0, 0, 0, 0], [0, 1, 2, 0, 1, 0, -1, 0, 0, 0, 0, 0.0, 0, 1, 1], [0, 1, 2, 0, 1, 0, -1, 0, 0, 0, 0, 0.0, 0, 1, 1], [0, 1, 6, 0, 0, 0, -1, 0, 0, 0, 0, 0.0, 0, 1, 1], [0, 0, 5, 0, 0, 0, -1, 0, 0, 0, 0, 0.0, 0, 0, 0], [0, 0, 5, 0, 0, 0, -1, 0, 0, 0, 0, 0.0, 0, 0, 0], [0, 0, 5, 0, 0, 0, -1, 0, 0, 0, 0, 0.0, 0, 0, 0], [0, 0, 5, 0, 0, 0, -1, 0, 0, 0, 0, 0.0, 0, 0, 0], [0, 0, 5, 0, 0, 0, -1, 0, 0, 0, 0, 0.0, 0, 1, 0], [0, 1, 6, 0, 1, 0, -1, 0, 0, 0, 0, 0.0, 0, 1, 1], [0, 1, 6, 0, 1, 0, -1, 0, 0, 0, 0, 0.0, 0, 1, 1], [0, 1, 6, 0, 1, 0, -1, 0, 0, 0, 0, 0.0, 0, 1, 1], [0, 1, 2, 1, 0, 1, 1, 0, 0, 0, 0, 0.0, 0, 1, 1], [0, 0, 1, 1, 0, 1, 0, 0, 0, 0, 0, 0.0, 0, 1, 0], [0, 1, 2, 1, 0, 1, 0, 0, 0, 0, 0, 0.0, 0, 1, 1], [0, 1, 2, 1, 0, 1, 0, 0, 0, 0, 0, 0.0, 0, 1, 1], [0, 1, 2, 1, 0, 1, 0, 0, 0, 0, 0, 0.0, 0, 1, 1], [0, 0, 3, 0, 0, 0, -1, 0, 0, 0, 0, 0.0, 0, 0, 0], [0, 0, 3, 0, 0, 0, -1, 0, 0, 0, 0, 0.0, 0, 0, 0], [0, 1, 4, 0, 0, 0, -1, 0, 0, 0, 0, 0.0, 0, 0, 0], [0, 1, 4, 0, 0, 0, -1, 0, 0, 0, 0, 0.0, 0, 0, 0], [0, 0, 3, 0, 0, 0, -1, 0, 0, 0, 0, 0.0, 0, 0, 0], [0, 0, 1, 1, 0, 1, 0, 0, 0, 0, 0, 0.0, 0, 0, 0], [0, 1, 2, 1, 0, 1, 1, 0, 0, 0, 0, 0.0, 0, 1, 1], [0, 1, 2, 1, 0, 1, 1, 0, 0, 0, 0, 0.0, 0, 1, 1], [0, 1, 2, 1, 0, 1, 1, 0, 0, 0, 0, 0.0, 0, 1, 1], [0, 1, 2, 1, 0, 1, 1, 0, 0, 0, 0, 0.0, 0, 1, 1], [0, 1, 2, 0, 1, 0, -1, 0, 0, 0, 0, 0.0, 0, 1, 1], [0, 1, 2, 0, 1, 0, -1, 0, 0, 0, 0, 0.0, 0, 1, 1], [0, 0, 1, 0, 0, 1, 0, 0, 0, 0, 0, 0.3333333333333333, 9, 0, 0], [0, 0, 6, 0, 0, 0, -1, 0, 0, 0, 0, 0.0, 0, 0, 0], [0, 1, 6, 0, 1, 0, -1, 0, 0, 0, 0, 0.0, 0, 1, 1], [0, 0, 6, 0, 0, 0, -1, 0, 0, 0, 0, 0.0, 0, 0, 0], [0, 0, 6, 1, 0, 1, 1, 0, 0, 0, 0, 0.0, 0, 0, 0], [0, 1, 6, 0, 1, 0, -1, 0, 0, 0, 0, 0.0, 0, 1, 1], [0, 1, 6, 0, 1, 0, -1, 0, 0, 0, 0, 0.0, 0, 1, 1], [0, 1, 6, 0, 1, 0, -1, 0, 0, 0, 0, 0.0, 0, 1, 1], [0, 0, 6, 0, 0, 0, -1, 0, 0, 0, 0, 0.0, 0, 0, 0], [0, 0, 6, 0, 0, 0, -1, 0, 0, 0, 0, 0.0, 0, 0, 0], [0, 0, 6, 0, 0, 0, -1, 0, 0, 0, 0, 0.0, 0, 0, 0], [0, 0, 1, 1, 0, 1, 0, 0, 0, 0, 0, 0.0, 0, 0, 0], [0, 1, 2, 0, 0, 0, -1, 0, 0, 0, 0, 0.0, 0, 1, 1], [0, 1, 2, 0, 0, 0, -1, 0, 0, 0, 0, 0.0, 0, 1, 1], [0, 1, 3, 1, 0, 1, 0, 0, 0, 0, 0, 0.0, 0, 1, 0], [0, 1, 3, 1, 0, 1, 0, 0, 0, 0, 0, 0.0, 0, 1, 0], [0, 0, 2, 1, 0, 1, 0, 0, 0, 0, 0, 0.0, 0, 0, 0], [0, 0, 2, 1, 0, 1, 0, 0, 0, 0, 0, 0.0, 0, 0, 0], [0, 0, 6, 0, 0, 0, -1, 0, 0, 0, 0, 0.0, 0, 0, 0], [0, 0, 6, 0, 0, 0, -1, 0, 0, 0, 0, 0.0, 0, 0, 0], [0, 0, 6, 0, 0, 0, -1, 0, 0, 0, 0, 0.0, 0, 0, 0], [0, 0, 6, 0, 0, 0, -1, 0, 0, 0, 0, 0.0, 0, 0, 0], [0, 0, 6, 0, 0, 0, -1, 0, 0, 0, 0, 0.0, 0, 0, 0], [0, 0, 6, 0, 0, 0, -1, 0, 0, 0, 0, 0.0, 0, 0, 0], [0, 0, 6, 0, 0, 0, -1, 0, 0, 0, 0, 0.0, 0, 0, 0], [0, 0, 6, 0, 0, 0, -1, 0, 0, 0, 0, 0.0, 0, 0, 0], [0, 0, 6, 0, 0, 0, -1, 0, 0, 0, 0, 0.0, 0, 0, 0], [0, 0, 6, 0, 0, 0, -1, 0, 0, 0, 0, 0.0, 0, 0, 0], [0, 0, 6, 0, 0, 0, -1, 0, 0, 0, 0, 0.0, 0, 0, 0], [0, 0, 6, 0, 0, 0, -1, 0, 0, 0, 0, 0.0, 0, 0, 0], [0, 0, 6, 0, 0, 0, -1, 0, 0, 0, 0, 0.0, 0, 0, 0], [0, 0, 6, 0, 0, 0, -1, 0, 0, 0, 0, 0.0, 0, 0, 0], [0, 0, 6, 0, 0, 0, -1, 0, 0, 0, 0, 0.0, 0, 0, 0], [0, 0, 6, 0, 0, 0, -1, 0, 0, 0, 0, 0.0, 0, 0, 0], [0, 1, 6, 0, 0, 0, -1, 0, 0, 0, 0, 0.0, 0, 0, 0], [0, 0, 6, 0, 0, 0, -1, 0, 0, 0, 0, 0.0, 0, 0, 0], [0, 0, 6, 0, 0, 0, -1, 0, 0, 0, 0, 0.0, 0, 0, 0], [0, 0, 6, 0, 0, 0, -1, 0, 0, 0, 0, 0.0, 0, 0, 0], [0, 0, 6, 0, 0, 0, -1, 0, 0, 0, 0, 0.0, 0, 0, 0], [0, 0, 6, 0, 0, 0, -1, 0, 0, 0, 0, 0.0, 0, 0, 0], [0, 0, 6, 0, 0, 0, -1, 0, 0, 0, 0, 0.0, 0, 0, 0], [0, 0, 6, 0, 0, 0, -1, 0, 0, 0, 0, 0.0, 0, 0, 0], [0, 0, 6, 0, 0, 0, -1, 0, 0, 0, 0, 0.0, 0, 0, 0], [0, 0, 1, 0, 0, 0, -1, 0, 0, 0, 0, 0.0, 0, 0, 0], [0, 0, 1, 0, 0, 0, -1, 0, 0, 0, 0, 0.0, 0, 0, 0], [0, 0, 1, 0, 0, 0, -1, 0, 0, 0, 0, 0.0, 0, 0, 0], [0, 0, 1, 1, 0, 1, 0, 0, 0, 0, 0, 0.0, 0, 0, 0], [0, 0, 1, 0, 0, 1, 0, 0, 0, 0, 0, 1.0, 1, 0, 0], [0, 0, 1, 0, 0, 0, -1, 0, 0, 0, 0, 0.0, 0, 0, 0], [0, 0, 1, 0, 0, 0, -1, 0, 0, 0, 0, 0.0, 0, 0, 0], [0, 0, 1, 1, 0, 1, 0, 0, 0, 0, 0, 0.0, 0, 0, 0], [0, 0, 4, 0, 0, 0, -1, 0, 0, 0, 0, 0.0, 0, 0, 0], [0, 0, 4, 0, 0, 0, -1, 0, 0, 0, 0, 0.0, 0, 0, 0], [0, 0, 4, 0, 0, 0, -1, 0, 0, 0, 0, 0.0, 0, 0, 0], [0, 0, 4, 0, 0, 0, -1, 0, 0, 0, 0, 0.0, 0, 0, 0], [0, 0, 4, 0, 0, 0, -1, 0, 0, 0, 0, 0.0, 0, 0, 0], [0, 0, 1, 1, 0, 1, 0, 0, 0, 0, 0, 0.0, 0, 0, 0], [0, 0, 1, 1, 0, 1, 0, 0, 0, 0, 0, 0.0, 0, 0, 0], [0, 0, 1, 0, 0, 1, 0, 0, 0, 0, 0, 1.0, 1, 0, 0], [0, 0, 1, 0, 0, 1, 0, 0, 0, 0, 0, 0.25, 4, 0, 0], [0, 0, 1, 1, 0, 1, 0, 0, 0, 0, 0, 0.0, 0, 0, 0], [0, 0, 1, 0, 0, 0, -1, 0, 0, 0, 0, 0.0, 0, 0, 0], [0, 0, 1, 0, 0, 0, -1, 0, 0, 0, 0, 0.0, 0, 0, 0], [0, 0, 1, 1, 0, 1, 0, 0, 0, 0, 0, 0.0, 0, 0, 0], [0, 0, 1, 0, 0, 0, -1, 0, 0, 0, 0, 0.0, 0, 0, 0], [0, 0, 1, 1, 0, 1, 0, 0, 0, 0, 0, 0.0, 0, 0, 0], [0, 0, 1, 0, 0, 0, -1, 0, 0, 0, 0, 0.0, 0, 0, 0], [0, 0, 1, 0, 0, 0, -1, 0, 0, 0, 0, 0.0, 0, 0, 0], [0, 0, 1, 0, 0, 0, -1, 0, 0, 0, 0, 0.0, 0, 0, 0], [0, 0, 1, 0, 0, 0, -1, 0, 0, 0, 0, 0.0, 0, 0, 0], [0, 0, 3, 0, 0, 0, -1, 0, 0, 0, 0, 0.0, 0, 0, 0], [0, 0, 3, 0, 0, 0, -1, 0, 0, 0, 0, 0.0, 0, 0, 0], [0, 0, 3, 0, 0, 0, -1, 0, 0, 0, 0, 0.0, 0, 0, 0], [0, 0, 3, 0, 0, 0, -1, 0, 0, 0, 0, 0.0, 0, 0, 0], [0, 0, 1, 1, 0, 1, 0, 0, 0, 0, 0, 0.0, 0, 0, 0], [0, 0, 1, 0, 0, 1, 0, 0, 0, 0, 0, 0.5, 2, 0, 0], [0, 0, 1, 0, 0, 1, 0, 0, 0, 0, 0, 1.0, 1, 1, 0], [0, 0, 1, 1, 0, 1, 0, 0, 0, 0, 0, 0.0, 0, 1, 0], [0, 0, 2, 0, 0, 0, -1, 0, 0, 0, 0, 0.0, 0, 0, 0], [0, 0, 2, 0, 0, 0, -1, 0, 0, 0, 0, 0.0, 0, 0, 0], [0, 0, 2, 0, 0, 0, -1, 0, 0, 0, 0, 0.0, 0, 0, 0], [0, 0, 1, 0, 0, 1, 0, 0, 0, 0, 0, 1.0, 1, 0, 0], [0, 0, 1, 0, 0, 0, -1, 0, 0, 0, 0, 0.0, 0, 0, 0], [0, 0, 2, 0, 0, 1, 1, 0, 0, 0, 0, 0.5, 2, 0, 0], [0, 0, 2, 0, 0, 0, -1, 0, 0, 0, 0, 0.0, 0, 0, 0], [0, 0, 2, 0, 0, 0, -1, 0, 0, 0, 0, 0.0, 0, 0, 0], [0, 0, 1, 1, 0, 1, 0, 0, 0, 0, 0, 0.0, 0, 0, 0], [0, 0, 1, 1, 0, 1, 0, 0, 0, 0, 0, 0.0, 0, 0, 0], [0, 0, 2, 0, 0, 0, -1, 0, 0, 0, 0, 0.0, 0, 0, 0], [0, 0, 2, 0, 0, 0, -1, 0, 0, 0, 0, 0.0, 0, 0, 0], [0, 0, 2, 0, 0, 0, -1, 0, 0, 0, 0, 0.0, 0, 0, 0], [0, 0, 2, 1, 0, 1, 1, 0, 0, 0, 0, 0.0, 0, 0, 0], [0, 0, 2, 1, 0, 1, 1, 0, 0, 0, 0, 0.0, 0, 0, 0], [0, 0, 2, 1, 0, 1, 0, 0, 0, 0, 0, 0.0, 0, 0, 0], [0, 0, 1, 0, 0, 0, -1, 0, 0, 0, 0, 0.0, 0, 0, 0], [0, 0, 1, 1, 0, 1, 0, 0, 0, 0, 0, 0.0, 0, 0, 0], [0, 0, 1, 1, 0, 1, 0, 0, 0, 0, 0, 0.0, 0, 0, 0], [0, 0, 1, 0, 0, 0, -1, 0, 0, 0, 0, 0.0, 0, 0, 0], [0, 0, 4, 0, 0, 0, -1, 0, 0, 0, 0, 0.0, 0, 0, 0], [0, 0, 4, 0, 0, 0, -1, 0, 0, 0, 0, 0.0, 0, 0, 0], [0, 0, 4, 0, 0, 0, -1, 0, 0, 0, 0, 0.0, 0, 1, 0], [0, 0, 4, 0, 0, 0, -1, 0, 0, 0, 1, 0.0, 0, 1, 0], [0, 0, 4, 0, 0, 0, -1, 0, 0, 0, 0, 0.0, 0, 0, 0], [0, 0, 1, 0, 0, 0, -1, 0, 0, 0, 0, 0.0, 0, 0, 0], [0, 0, 1, 1, 0, 1, 0, 0, 0, 0, 0, 0.0, 0, 0, 0], [0, 0, 1, 1, 0, 1, 0, 0, 0, 0, 0, 0.0, 0, 0, 0], [0, 0, 1, 1, 0, 1, 0, 0, 0, 0, 0, 0.0, 0, 0, 0], [0, 0, 1, 0, 0, 0, -1, 0, 0, 0, 0, 0.0, 0, 0, 0], [0, 0, 1, 0, 0, 0, -1, 0, 0, 0, 0, 0.0, 0, 0, 0], [0, 0, 2, 0, 0, 0, -1, 0, 0, 0, 0, 0.0, 0, 0, 0], [0, 0, 2, 0, 0, 0, -1, 0, 0, 0, 0, 0.0, 0, 0, 0], [0, 0, 2, 0, 0, 0, -1, 0, 0, 0, 0, 0.0, 0, 0, 0], [0, 0, 1, 0, 0, 1, 0, 0, 0, 0, 0, 0.14285714285714285, 7, 0, 0], [0, 0, 1, 1, 0, 1, 0, 0, 0, 0, 0, 0.0, 0, 0, 0], [0, 0, 1, 1, 0, 1, 0, 0, 0, 0, 0, 0.0, 0, 0, 0], [0, 0, 1, 0, 0, 1, 0, 0, 0, 0, 0, 1.0, 1, 0, 0], [0, 0, 1, 1, 0, 1, 0, 0, 0, 0, 0, 0.0, 0, 0, 0], [0, 0, 1, 0, 0, 0, -1, 0, 0, 0, 0, 0.0, 0, 0, 0], [0, 0, 2, 0, 0, 0, -1, 0, 0, 0, 0, 0.0, 0, 0, 0], [0, 0, 2, 0, 0, 0, -1, 0, 0, 0, 0, 0.0, 0, 0, 0], [0, 0, 2, 0, 0, 0, -1, 0, 0, 0, 0, 0.0, 0, 0, 0], [0, 0, 1, 0, 0, 0, -1, 0, 0, 0, 0, 0.0, 0, 0, 0], [0, 0, 1, 1, 0, 1, 0, 0, 0, 0, 0, 0.0, 0, 0, 0], [0, 0, 1, 0, 0, 0, -1, 0, 0, 0, 0, 0.0, 0, 0, 0], [0, 0, 1, 0, 0, 0, -1, 0, 0, 0, 0, 0.0, 0, 0, 0], [0, 0, 2, 0, 0, 0, -1, 0, 0, 0, 0, 0.0, 0, 0, 0], [0, 0, 2, 0, 0, 0, -1, 0, 0, 0, 0, 0.0, 0, 0, 0], [0, 0, 2, 0, 0, 0, -1, 0, 0, 0, 0, 0.0, 0, 0, 0], [0, 0, 1, 0, 0, 0, -1, 0, 0, 0, 0, 0.0, 0, 0, 0], [0, 0, 1, 0, 0, 0, -1, 0, 0, 0, 0, 0.0, 0, 0, 0], [0, 0, 2, 0, 0, 0, -1, 0, 0, 0, 0, 0.0, 0, 0, 0], [0, 0, 2, 0, 0, 0, -1, 0, 0, 0, 0, 0.0, 0, 0, 0], [0, 0, 2, 0, 0, 0, -1, 0, 0, 0, 0, 0.0, 0, 0, 0], [0, 0, 1, 1, 0, 1, 0, 0, 0, 0, 0, 0.0, 0, 0, 0], [0, 0, 1, 0, 0, 0, -1, 0, 0, 0, 0, 0.0, 0, 0, 0], [0, 0, 1, 0, 0, 0, -1, 0, 0, 0, 0, 0.0, 0, 0, 0], [0, 0, 1, 1, 0, 1, 0, 0, 0, 0, 0, 0.0, 0, 0, 0], [0, 0, 5, 1, 0, 1, 0, 0, 0, 0, 0, 0.0, 0, 0, 0], [0, 0, 5, 0, 0, 0, -1, 0, 0, 0, 0, 0.0, 0, 0, 0], [0, 0, 5, 0, 0, 0, -1, 0, 0, 0, 0, 0.0, 0, 0, 0], [0, 0, 5, 0, 0, 0, -1, 0, 0, 0, 0, 0.0, 0, 0, 0], [0, 0, 5, 0, 0, 0, -1, 0, 0, 0, 0, 0.0, 0, 0, 0], [0, 0, 5, 0, 0, 0, -1, 0, 0, 0, 0, 0.0, 0, 0, 0], [1, 0, 1, 0, 1, 1, 0, 1, 1, 1, 1, 1.0, 3, 1, 1], [1, 0, 1, 0, 1, 1, 0, 1, 1, 1, 1, 1.0, 2, 1, 0], [0, 0, 4, 0, 0, 0, -1, 0, 0, 0, 0, 0.0, 0, 0, 0], [0, 0, 4, 0, 0, 0, -1, 0, 0, 0, 0, 0.0, 0, 0, 0], [0, 0, 4, 0, 0, 0, -1, 0, 0, 0, 0, 0.0, 0, 0, 0], [0, 0, 4, 0, 0, 0, -1, 0, 0, 0, 0, 0.0, 0, 0, 0], [0, 0, 4, 0, 0, 0, -1, 0, 0, 0, 0, 0.0, 0, 0, 0], [0, 0, 1, 1, 0, 1, 0, 0, 0, 0, 0, 0.0, 0, 0, 0], [0, 0, 1, 0, 0, 0, -1, 0, 0, 0, 0, 0.0, 0, 0, 0], [0, 0, 1, 1, 0, 1, 0, 0, 0, 0, 0, 0.0, 0, 0, 0], [0, 0, 1, 0, 0, 0, -1, 0, 0, 0, 0, 0.0, 0, 0, 0], [0, 0, 1, 1, 0, 1, 0, 0, 0, 0, 0, 0.0, 0, 0, 0], [0, 0, 1, 1, 0, 1, 0, 0, 0, 0, 0, 0.0, 0, 0, 0], [0, 0, 1, 0, 0, 0, -1, 0, 0, 0, 0, 0.0, 0, 0, 0], [0, 0, 1, 0, 0, 1, 0, 0, 0, 0, 0, 0.3333333333333333, 6, 0, 0], [0, 0, 1, 1, 0, 1, 0, 0, 0, 0, 0, 0.0, 0, 1, 0], [1, 0, 1, 0, 0, 0, -1, 1, 1, 1, 1, 0.0, 0, 1, 0], [0, 0, 2, 0, 0, 0, -1, 0, 0, 0, 0, 0.0, 0, 1, 0], [0, 0, 2, 0, 0, 0, -1, 0, 0, 0, 0, 0.0, 0, 1, 0], [0, 0, 2, 1, 0, 1, 1, 0, 0, 0, 0, 0.0, 0, 0, 0], [0, 0, 1, 1, 0, 1, 0, 0, 0, 0, 0, 0.0, 0, 1, 0], [1, 0, 1, 0, 0, 0, -1, 1, 1, 1, 1, 0.0, 0, 1, 0], [0, 0, 2, 0, 0, 1, 0, 0, 0, 0, 0, 0.5, 2, 0, 0], [0, 0, 2, 0, 0, 0, -1, 0, 0, 0, 0, 0.0, 0, 0, 0], [0, 0, 2, 0, 0, 0, -1, 0, 0, 0, 0, 0.0, 0, 0, 0], [0, 0, 1, 1, 0, 1, 0, 0, 0, 0, 0, 0.0, 0, 0, 0], [0, 0, 1, 1, 0, 1, 0, 0, 0, 0, 0, 0.0, 0, 0, 0], [0, 0, 1, 1, 0, 1, 0, 0, 0, 0, 0, 0.0, 0, 0, 0], [0, 0, 1, 0, 0, 0, -1, 0, 0, 0, 0, 0.0, 0, 0, 0], [0, 0, 2, 0, 0, 0, -1, 0, 0, 0, 0, 0.0, 0, 0, 0], [0, 0, 2, 0, 0, 1, 0, 0, 0, 0, 0, 1.0, 1, 0, 0], [0, 0, 2, 0, 0, 0, -1, 0, 0, 0, 0, 0.0, 0, 0, 0], [0, 0, 1, 0, 0, 0, -1, 0, 0, 0, 0, 0.0, 0, 0, 0], [0, 0, 1, 0, 0, 0, -1, 0, 0, 0, 0, 0.0, 0, 0, 0], [0, 0, 1, 0, 0, 0, -1, 0, 0, 0, 0, 0.0, 0, 0, 0], [0, 0, 1, 0, 0, 0, -1, 0, 0, 0, 0, 0.0, 0, 0, 0], [0, 0, 5, 0, 0, 0, -1, 0, 0, 0, 0, 0.0, 0, 0, 0], [0, 0, 5, 0, 0, 0, -1, 0, 0, 0, 0, 0.0, 0, 0, 0], [0, 0, 5, 0, 0, 0, -1, 0, 0, 0, 0, 0.0, 0, 0, 0], [0, 0, 5, 0, 0, 0, -1, 0, 0, 0, 0, 0.0, 0, 0, 0], [0, 0, 5, 0, 0, 0, -1, 0, 0, 0, 0, 0.0, 0, 0, 0], [0, 0, 5, 0, 0, 0, -1, 0, 0, 0, 0, 0.0, 0, 0, 0], [0, 0, 4, 0, 0, 0, -1, 0, 0, 0, 0, 0.0, 0, 0, 0], [0, 0, 4, 1, 0, 1, 0, 0, 0, 0, 0, 0.0, 0, 0, 0], [0, 0, 4, 0, 0, 0, -1, 0, 0, 0, 0, 0.0, 0, 0, 0], [0, 0, 4, 0, 0, 0, -1, 0, 0, 0, 0, 0.0, 0, 1, 0], [0, 0, 4, 0, 0, 0, -1, 0, 0, 0, 0, 0.0, 0, 1, 0], [0, 0, 1, 0, 0, 0, -1, 0, 0, 0, 0, 0.0, 0, 0, 0], [0, 0, 1, 0, 0, 0, -1, 0, 0, 0, 0, 0.0, 0, 0, 0], [0, 0, 1, 0, 0, 0, -1, 0, 0, 0, 0, 0.0, 0, 0, 0], [0, 0, 1, 1, 0, 1, 0, 0, 0, 0, 0, 0.0, 0, 0, 0], [0, 0, 1, 0, 0, 0, -1, 0, 0, 0, 0, 0.0, 0, 0, 0], [0, 0, 1, 0, 0, 0, -1, 0, 0, 0, 0, 0.0, 0, 0, 0], [0, 0, 1, 0, 0, 0, -1, 0, 0, 0, 0, 0.0, 0, 0, 0], [0, 0, 1, 0, 0, 0, -1, 0, 0, 0, 0, 0.0, 0, 0, 0], [0, 0, 2, 0, 0, 0, -1, 0, 0, 0, 0, 0.0, 0, 0, 0], [0, 0, 2, 0, 0, 0, -1, 0, 0, 0, 0, 0.0, 0, 0, 0], [0, 0, 2, 0, 0, 0, -1, 0, 0, 0, 0, 0.0, 0, 0, 0], [0, 0, 1, 0, 0, 1, 0, 0, 0, 0, 0, 0.2, 5, 0, 0], [0, 0, 1, 0, 0, 0, -1, 0, 0, 0, 0, 0.0, 0, 0, 0], [0, 0, 1, 1, 0, 1, 0, 0, 0, 0, 0, 0.0, 0, 0, 0], [0, 0, 1, 0, 0, 0, -1, 0, 0, 0, 0, 0.0, 0, 0, 0], [0, 0, 1, 0, 0, 1, 0, 0, 0, 0, 0, 0.5, 2, 0, 0], [0, 0, 1, 0, 0, 0, -1, 0, 0, 0, 0, 0.0, 0, 0, 0], [0, 0, 1, 0, 0, 0, -1, 0, 0, 0, 0, 0.0, 0, 0, 0], [0, 0, 1, 0, 0, 0, -1, 0, 0, 0, 0, 0.0, 0, 0, 0], [0, 0, 1, 0, 0, 0, -1, 0, 0, 0, 0, 0.0, 0, 0, 0], [0, 0, 1, 1, 0, 1, 0, 0, 0, 0, 0, 0.0, 0, 0, 0], [0, 0, 1, 0, 0, 0, -1, 0, 0, 0, 0, 0.0, 0, 0, 0], [0, 0, 1, 0, 0, 1, 0, 0, 0, 0, 0, 0.5, 2, 0, 0], [0, 0, 1, 0, 0, 0, -1, 0, 0, 0, 0, 0.0, 0, 0, 0], [0, 0, 1, 0, 0, 0, -1, 0, 0, 0, 0, 0.0, 0, 0, 0], [0, 0, 1, 0, 0, 1, 0, 0, 0, 0, 0, 1.0, 1, 0, 0], [0, 0, 1, 1, 0, 1, 0, 0, 0, 0, 0, 0.0, 0, 0, 0], [0, 0, 1, 0, 0, 0, -1, 0, 0, 0, 0, 0.0, 0, 0, 0], [0, 0, 1, 0, 0, 0, -1, 0, 0, 0, 0, 0.0, 0, 0, 0], [0, 0, 1, 0, 0, 1, 0, 0, 0, 0, 0, 1.0, 1, 0, 0], [0, 0, 1, 1, 0, 1, 0, 0, 0, 0, 0, 0.0, 0, 0, 0], [0, 0, 2, 0, 0, 1, 0, 0, 0, 0, 0, 1.0, 1, 0, 0], [0, 0, 2, 0, 0, 0, -1, 0, 0, 0, 0, 0.0, 0, 0, 0], [0, 0, 2, 0, 0, 0, -1, 0, 0, 0, 0, 0.0, 0, 0, 0], [0, 0, 6, 0, 0, 0, -1, 0, 0, 0, 0, 0.0, 0, 0, 0], [0, 0, 6, 0, 0, 0, -1, 0, 0, 0, 0, 0.0, 0, 0, 0], [0, 0, 6, 0, 0, 0, -1, 0, 0, 0, 0, 0.0, 0, 0, 0], [0, 0, 6, 0, 0, 0, -1, 0, 0, 0, 0, 0.0, 0, 0, 0], [0, 0, 6, 0, 0, 0, -1, 0, 0, 0, 0, 0.0, 0, 0, 0], [0, 0, 6, 0, 0, 0, -1, 0, 0, 0, 0, 0.0, 0, 0, 0], [0, 0, 6, 0, 0, 0, -1, 0, 0, 0, 0, 0.0, 0, 0, 0], [0, 0, 6, 0, 0, 0, -1, 0, 0, 0, 0, 0.0, 0, 0, 0], [0, 0, 6, 0, 0, 0, -1, 0, 0, 0, 0, 0.0, 0, 0, 0], [0, 0, 6, 0, 0, 0, -1, 0, 0, 0, 0, 0.0, 0, 0, 0], [0, 0, 6, 0, 0, 0, -1, 0, 0, 0, 0, 0.0, 0, 0, 0], [0, 0, 6, 0, 0, 0, -1, 0, 0, 0, 0, 0.0, 0, 0, 0], [0, 0, 6, 0, 0, 0, -1, 0, 0, 0, 0, 0.0, 0, 0, 0], [0, 0, 6, 0, 0, 0, -1, 0, 0, 0, 0, 0.0, 0, 0, 0], [0, 0, 6, 0, 0, 0, -1, 0, 0, 0, 0, 0.0, 0, 0, 0], [0, 0, 6, 0, 0, 0, -1, 0, 0, 0, 0, 0.0, 0, 0, 0], [0, 0, 6, 0, 0, 0, -1, 0, 0, 0, 0, 0.0, 0, 0, 0], [0, 0, 6, 0, 0, 0, -1, 0, 0, 0, 0, 0.0, 0, 0, 0], [0, 0, 6, 0, 0, 0, -1, 0, 0, 0, 0, 0.0, 0, 0, 0], [0, 0, 1, 0, 0, 0, -1, 0, 0, 0, 0, 0.0, 0, 0, 0], [0, 0, 1, 0, 0, 0, -1, 0, 0, 0, 0, 0.0, 0, 0, 0], [0, 0, 6, 0, 0, 0, -1, 0, 0, 0, 0, 0.0, 0, 0, 0], [0, 0, 6, 0, 0, 0, -1, 0, 0, 0, 0, 0.0, 0, 0, 0], [0, 0, 6, 0, 0, 0, -1, 0, 0, 0, 0, 0.0, 0, 0, 0], [0, 0, 6, 0, 0, 0, -1, 0, 0, 0, 0, 0.0, 0, 0, 0], [0, 0, 6, 0, 0, 0, -1, 0, 0, 0, 0, 0.0, 0, 0, 0], [0, 0, 6, 0, 0, 0, -1, 0, 0, 0, 0, 0.0, 0, 0, 0], [0, 0, 6, 0, 0, 0, -1, 0, 0, 0, 0, 0.0, 0, 0, 0], [0, 0, 1, 0, 0, 1, 0, 0, 0, 0, 0, 0.2, 5, 0, 0], [0, 0, 1, 0, 0, 0, -1, 0, 0, 0, 0, 0.0, 0, 0, 0], [0, 0, 1, 0, 0, 1, 0, 0, 0, 0, 0, 1.0, 1, 0, 0], [0, 0, 1, 0, 0, 1, 0, 0, 0, 0, 0, 0.5, 2, 0, 0], [0, 0, 4, 0, 0, 0, -1, 0, 0, 0, 0, 0.0, 0, 0, 0], [0, 0, 4, 0, 0, 0, -1, 0, 0, 0, 0, 0.0, 0, 0, 0], [0, 0, 4, 0, 0, 0, -1, 0, 0, 0, 0, 0.0, 0, 0, 0], [0, 0, 4, 0, 0, 0, -1, 0, 0, 0, 0, 0.0, 0, 0, 0], [0, 0, 4, 0, 0, 0, -1, 0, 0, 0, 0, 0.0, 0, 0, 0], [0, 0, 1, 0, 0, 0, -1, 0, 0, 0, 0, 0.0, 0, 0, 0], [0, 0, 1, 1, 0, 1, 0, 0, 0, 0, 0, 0.0, 0, 0, 0], [0, 0, 1, 0, 0, 0, -1, 0, 0, 0, 0, 0.0, 0, 0, 0], [0, 0, 1, 0, 0, 0, -1, 0, 0, 0, 0, 0.0, 0, 0, 0], [0, 0, 1, 1, 0, 1, 0, 0, 0, 0, 0, 0.0, 0, 1, 0], [0, 0, 1, 0, 0, 1, 0, 0, 0, 0, 0, 1.0, 1, 1, 0], [0, 0, 4, 0, 0, 0, -1, 0, 0, 0, 0, 0.0, 0, 0, 0], [0, 0, 4, 0, 0, 0, -1, 0, 0, 0, 0, 0.0, 0, 0, 0], [0, 0, 4, 0, 0, 0, -1, 0, 0, 0, 0, 0.0, 0, 0, 0], [0, 0, 4, 0, 0, 0, -1, 0, 0, 0, 0, 0.0, 0, 0, 0], [0, 0, 4, 0, 0, 0, -1, 0, 0, 0, 0, 0.0, 0, 0, 0], [0, 0, 6, 0, 0, 0, -1, 0, 0, 0, 0, 0.0, 0, 0, 0], [0, 0, 6, 0, 0, 0, -1, 0, 0, 0, 0, 0.0, 0, 0, 0], [0, 0, 6, 0, 0, 0, -1, 0, 0, 0, 0, 0.0, 0, 0, 0], [0, 0, 6, 0, 0, 0, -1, 0, 0, 0, 0, 0.0, 0, 0, 0], [0, 0, 6, 0, 0, 0, -1, 0, 0, 0, 0, 0.0, 0, 0, 0], [0, 0, 6, 0, 0, 0, -1, 0, 0, 0, 0, 0.0, 0, 0, 0], [0, 0, 6, 0, 0, 0, -1, 0, 0, 0, 0, 0.0, 0, 0, 0], [0, 0, 3, 0, 0, 0, -1, 0, 0, 0, 0, 0.0, 0, 0, 0], [0, 0, 3, 0, 0, 0, -1, 0, 0, 0, 0, 0.0, 0, 0, 0], [0, 0, 3, 0, 0, 0, -1, 0, 0, 0, 0, 0.0, 0, 0, 0], [0, 0, 3, 0, 0, 0, -1, 0, 0, 0, 0, 0.0, 0, 0, 0], [0, 0, 2, 0, 0, 0, -1, 0, 0, 0, 0, 0.0, 0, 0, 0], [0, 0, 2, 0, 0, 0, -1, 0, 0, 0, 0, 0.0, 0, 0, 0], [0, 0, 2, 0, 0, 0, -1, 0, 0, 0, 0, 0.0, 0, 0, 0], [0, 0, 2, 1, 0, 1, 0, 0, 0, 0, 0, 0.0, 0, 0, 0], [0, 0, 2, 1, 0, 1, 1, 0, 0, 0, 0, 0.0, 0, 0, 0], [0, 0, 2, 1, 0, 1, 1, 0, 0, 0, 0, 0.0, 0, 0, 0], [0, 0, 6, 0, 0, 0, -1, 0, 0, 0, 0, 0.0, 0, 0, 0], [0, 0, 6, 0, 0, 0, -1, 0, 0, 0, 0, 0.0, 0, 0, 0], [0, 0, 6, 0, 0, 0, -1, 0, 0, 0, 0, 0.0, 0, 0, 0], [0, 0, 6, 0, 0, 0, -1, 0, 0, 0, 0, 0.0, 0, 0, 0], [0, 0, 6, 0, 0, 0, -1, 0, 0, 0, 0, 0.0, 0, 0, 0], [0, 0, 6, 0, 0, 0, -1, 0, 0, 0, 0, 0.0, 0, 0, 0], [0, 0, 6, 0, 0, 0, -1, 0, 0, 0, 0, 0.0, 0, 0, 0], [0, 0, 1, 1, 0, 1, 0, 0, 0, 0, 0, 0.0, 0, 0, 0], [0, 0, 1, 0, 0, 0, -1, 0, 0, 0, 0, 0.0, 0, 0, 0], [0, 0, 6, 0, 0, 0, -1, 0, 0, 0, 0, 0.0, 0, 0, 0], [0, 0, 6, 0, 0, 0, -1, 0, 0, 0, 0, 0.0, 0, 1, 0], [0, 0, 6, 0, 0, 0, -1, 0, 0, 0, 0, 0.0, 0, 0, 0], [0, 0, 6, 0, 0, 0, -1, 0, 0, 0, 0, 0.0, 0, 1, 0], [0, 0, 6, 0, 0, 0, -1, 0, 0, 0, 0, 0.0, 0, 1, 0], [0, 0, 6, 0, 0, 0, -1, 0, 0, 0, 0, 0.0, 0, 0, 0], [0, 0, 6, 0, 0, 0, -1, 0, 0, 0, 0, 0.0, 0, 0, 0], [0, 0, 6, 0, 0, 0, -1, 0, 0, 0, 0, 0.0, 0, 0, 0], [0, 0, 1, 0, 0, 1, 0, 0, 0, 0, 0, 1.0, 1, 0, 0], [0, 0, 1, 0, 0, 0, -1, 0, 0, 0, 0, 0.0, 0, 0, 0], [0, 0, 1, 0, 0, 0, -1, 0, 0, 0, 0, 0.0, 0, 0, 0], [0, 0, 1, 0, 0, 1, 0, 0, 0, 0, 0, 1.0, 1, 0, 0], [0, 0, 1, 0, 0, 1, 0, 0, 0, 0, 0, 1.0, 1, 0, 0], [0, 0, 1, 0, 0, 0, -1, 0, 0, 0, 0, 0.0, 0, 0, 0], [0, 0, 1, 1, 0, 1, 0, 0, 0, 0, 0, 0.0, 0, 0, 0], [0, 0, 1, 0, 0, 0, -1, 0, 0, 0, 0, 0.0, 0, 0, 0], [0, 0, 1, 0, 0, 0, -1, 0, 0, 0, 0, 0.0, 0, 0, 0], [0, 0, 1, 0, 0, 0, -1, 0, 0, 0, 0, 0.0, 0, 0, 0], [0, 0, 1, 1, 0, 1, 0, 0, 0, 0, 0, 0.0, 0, 0, 0], [0, 0, 1, 1, 0, 1, 0, 0, 0, 0, 0, 0.0, 0, 0, 0], [0, 0, 1, 0, 0, 0, -1, 0, 0, 0, 0, 0.0, 0, 0, 0], [0, 0, 1, 0, 0, 0, -1, 0, 0, 0, 0, 0.0, 0, 0, 0], [0, 0, 1, 0, 0, 0, -1, 0, 0, 0, 0, 0.0, 0, 0, 0], [0, 0, 1, 0, 0, 0, -1, 0, 0, 0, 0, 0.0, 0, 0, 0], [0, 0, 1, 1, 0, 1, 0, 0, 0, 0, 0, 0.0, 0, 1, 0], [0, 0, 1, 0, 0, 1, 0, 0, 0, 0, 1, 0.2, 5, 1, 0], [0, 0, 1, 0, 0, 0, -1, 0, 0, 0, 0, 0.0, 0, 0, 0], [0, 0, 1, 0, 0, 0, -1, 0, 0, 0, 0, 0.0, 0, 0, 0], [0, 0, 1, 0, 0, 0, -1, 0, 0, 0, 0, 0.0, 0, 0, 0], [0, 0, 1, 0, 0, 0, -1, 0, 0, 0, 0, 0.0, 0, 0, 0], [0, 0, 1, 0, 0, 0, -1, 0, 0, 0, 0, 0.0, 0, 0, 0], [0, 0, 1, 0, 0, 0, -1, 0, 0, 0, 0, 0.0, 0, 0, 0], [0, 0, 1, 0, 0, 0, -1, 0, 0, 0, 0, 0.0, 0, 0, 0], [0, 0, 1, 0, 0, 1, 0, 0, 0, 0, 0, 1.0, 1, 0, 0], [0, 0, 1, 0, 0, 0, -1, 0, 0, 0, 0, 0.0, 0, 0, 0], [0, 0, 1, 0, 0, 0, -1, 0, 0, 0, 0, 0.0, 0, 0, 0], [0, 0, 1, 0, 0, 1, 0, 0, 0, 0, 0, 1.0, 1, 0, 0], [0, 0, 1, 1, 0, 1, 0, 0, 0, 0, 0, 0.0, 0, 0, 0], [0, 0, 1, 1, 0, 1, 0, 0, 0, 0, 0, 0.0, 0, 0, 0], [0, 0, 1, 0, 0, 1, 0, 0, 0, 0, 0, 1.0, 1, 0, 0], [0, 0, 1, 0, 0, 0, -1, 0, 0, 0, 0, 0.0, 0, 1, 0], [0, 0, 1, 1, 0, 1, 0, 0, 0, 0, 0, 0.0, 0, 0, 0], [0, 0, 2, 0, 0, 0, -1, 0, 0, 0, 0, 0.0, 0, 0, 0], [0, 0, 2, 0, 0, 0, -1, 0, 0, 0, 0, 0.0, 0, 0, 0], [0, 0, 2, 0, 0, 0, -1, 0, 0, 0, 0, 0.0, 0, 0, 0], [0, 0, 1, 1, 0, 1, 0, 0, 0, 0, 0, 0.0, 0, 0, 0], [0, 0, 1, 1, 0, 1, 0, 0, 0, 0, 0, 0.0, 0, 0, 0], [0, 0, 1, 0, 0, 0, -1, 0, 0, 0, 0, 0.0, 0, 0, 0], [0, 0, 1, 1, 0, 1, 0, 0, 0, 0, 0, 0.0, 0, 0, 0], [0, 0, 1, 0, 0, 0, -1, 0, 0, 0, 0, 0.0, 0, 0, 0], [0, 0, 1, 1, 0, 1, 0, 0, 0, 0, 0, 0.0, 0, 0, 0], [0, 0, 1, 1, 0, 1, 0, 0, 0, 0, 0, 0.0, 0, 0, 0], [0, 0, 1, 0, 0, 0, -1, 0, 0, 0, 0, 0.0, 0, 0, 0], [0, 0, 2, 0, 0, 0, -1, 0, 0, 0, 0, 0.0, 0, 0, 0], [0, 0, 2, 0, 0, 0, -1, 0, 0, 0, 0, 0.0, 0, 0, 0], [0, 0, 2, 0, 0, 0, -1, 0, 0, 0, 0, 0.0, 0, 0, 0], [0, 0, 1, 0, 0, 0, -1, 0, 0, 0, 0, 0.0, 0, 0, 0], [0, 0, 1, 0, 0, 1, 0, 0, 0, 0, 0, 0.3333333333333333, 9, 0, 0], [0, 0, 1, 1, 0, 1, 0, 0, 0, 0, 0, 0.0, 0, 0, 0], [0, 0, 1, 1, 0, 1, 0, 0, 0, 0, 0, 0.0, 0, 0, 0], [0, 0, 1, 0, 0, 0, -1, 0, 0, 0, 0, 0.0, 0, 0, 0], [0, 0, 1, 0, 0, 0, -1, 0, 0, 0, 0, 0.0, 0, 0, 0], [0, 0, 1, 0, 0, 0, -1, 0, 0, 0, 0, 0.0, 0, 0, 0], [0, 0, 1, 0, 0, 0, -1, 0, 0, 0, 0, 0.0, 0, 0, 0], [0, 0, 1, 0, 0, 1, 0, 0, 0, 0, 0, 1.0, 1, 0, 0], [0, 0, 1, 0, 0, 0, -1, 0, 0, 0, 0, 0.0, 0, 0, 0], [0, 0, 2, 0, 0, 0, -1, 0, 0, 0, 0, 0.0, 0, 0, 0], [0, 0, 2, 0, 0, 0, -1, 0, 0, 0, 0, 0.0, 0, 0, 0], [0, 0, 2, 0, 0, 0, -1, 0, 0, 0, 0, 0.0, 0, 0, 0], [0, 0, 1, 1, 0, 1, 0, 0, 0, 0, 0, 0.0, 0, 0, 0], [0, 0, 1, 0, 0, 0, -1, 0, 0, 0, 0, 0.0, 0, 0, 0], [0, 0, 1, 1, 0, 1, 0, 0, 0, 0, 0, 0.0, 0, 0, 0], [0, 0, 1, 0, 0, 0, -1, 0, 0, 0, 0, 0.0, 0, 0, 0], [0, 0, 1, 1, 0, 1, 0, 0, 0, 0, 0, 0.0, 0, 0, 0], [0, 0, 1, 1, 0, 1, 0, 0, 0, 0, 0, 0.0, 0, 0, 0], [0, 0, 1, 0, 0, 1, 0, 0, 0, 0, 0, 1.0, 1, 0, 0], [0, 0, 1, 0, 0, 0, -1, 0, 0, 0, 0, 0.0, 0, 0, 0], [0, 0, 1, 1, 0, 1, 0, 0, 0, 0, 0, 0.0, 0, 0, 0], [0, 0, 1, 1, 0, 1, 0, 0, 0, 0, 0, 0.0, 0, 0, 0], [0, 0, 2, 0, 0, 0, -1, 0, 0, 0, 0, 0.0, 0, 0, 0], [0, 0, 2, 0, 0, 0, -1, 0, 0, 0, 0, 0.0, 0, 0, 0], [0, 0, 2, 0, 0, 0, -1, 0, 0, 0, 0, 0.0, 0, 0, 0], [0, 0, 1, 0, 0, 0, -1, 0, 0, 0, 0, 0.0, 0, 0, 0], [0, 0, 1, 0, 0, 0, -1, 0, 0, 0, 0, 0.0, 0, 0, 0], [0, 0, 1, 0, 0, 0, -1, 0, 0, 0, 0, 0.0, 0, 0, 0], [0, 0, 1, 0, 0, 0, -1, 0, 0, 0, 0, 0.0, 0, 0, 0], [0, 0, 2, 0, 0, 0, -1, 0, 0, 0, 0, 0.0, 0, 0, 0], [0, 0, 2, 0, 0, 0, -1, 0, 0, 0, 0, 0.0, 0, 0, 0], [0, 0, 2, 0, 0, 0, -1, 0, 0, 0, 0, 0.0, 0, 0, 0], [0, 0, 1, 0, 0, 0, -1, 0, 0, 0, 0, 0.0, 0, 0, 0], [0, 0, 1, 0, 0, 0, -1, 0, 0, 0, 0, 0.0, 0, 0, 0], [0, 0, 1, 0, 0, 0, -1, 0, 0, 0, 0, 0.0, 0, 0, 0], [0, 0, 1, 0, 0, 1, 0, 0, 0, 0, 0, 0.2, 5, 0, 0], [0, 0, 1, 0, 0, 0, -1, 0, 0, 0, 0, 0.0, 0, 0, 0], [0, 0, 1, 0, 0, 0, -1, 0, 0, 0, 0, 0.0, 0, 0, 0], [0, 0, 1, 0, 0, 0, -1, 0, 0, 0, 0, 0.0, 0, 0, 0], [0, 0, 1, 1, 0, 1, 0, 0, 0, 0, 0, 0.0, 0, 0, 0], [0, 0, 1, 0, 0, 0, -1, 0, 0, 0, 0, 0.0, 0, 0, 0], [0, 0, 1, 0, 0, 1, 0, 0, 0, 0, 0, 0.2, 5, 0, 0], [0, 0, 2, 0, 0, 0, -1, 0, 0, 0, 0, 0.0, 0, 0, 0], [0, 0, 2, 0, 0, 0, -1, 0, 0, 0, 0, 0.0, 0, 0, 0], [0, 0, 2, 0, 0, 0, -1, 0, 0, 0, 0, 0.0, 0, 0, 0]]}
{
  "overall": "NO_TASK",
  "gates": {
    "G_arc_enc_frozen": true,
    "G_ink_verified": true,
    "G_task_exists": false,
    "G_exact_algebra_matches_tape": true,
    "G_lookup_beats_floor": false,
    "G_lookup_beats_counts_paired": false,
    "G_lookup_beats_retrieval_paired": false,
    "G_phi_orders_negatives": false
  },
  "lookup": {},
  "paired": {
    "model_only_right": 0,
    "rival_only_right": 0,
    "discordant": 0,
    "mcnemar_z": NaN
  },
  "ladder": {
    "n_questions": 0,
    "pairs": 0,
    "concordant": 0,
    "ties_excluded": 0,
    "import_budget_zero_rate": 0.0,
    "import_budget_mean": 0.0,
    "concordance": NaN,
    "z_vs_half": NaN,
    "mean_phi": {
      "true": NaN,
      "near": NaN,
      "middle": NaN,
      "far": NaN
    }
  }
}
