Stage289 derivation start 2026-08-18T12:49:03.963236+00:00 device=cpu holdout=corpus
  corpus data\_wikitext103_train.txt
  lines: train 7324, eval 3139 (the probe reserves ANCHORS, not lines - see `reserved`)
  word rule matches stage194: True  (rule=ascii, fp=hash, ink=mean)
  hash ink deterministic and digest-faithful: True  {'anagram_cos': -0.0135, 'perm_fixed_points': 1}
  tape: 1500 addresses, 2076 slots | questions {"cons": 698} | params 5633
  node vector 9 wide, matches the body
  ladder coverage: 0/0 lookup questions have all three rungs; the rest train on the task term alone
  probe pack: 2761 reserved addresses (9s to build)
  probe tape: 0 lookup questions, never trained on; 0 graphs cached (1 view(s)/question) in 0s
  probe eval: 0.00s x 4 = 0.0 min added to this run
  step 500/4000 train=-0.2730 probe=nan
  step 1000/4000 train=-0.2477 probe=nan
  step 1500/4000 train=-0.3110 probe=nan
  step 2000/4000 train=-0.2754 probe=nan
  step 2500/4000 train=-0.2504 probe=nan
  step 3000/4000 train=-0.2943 probe=nan
  step 3500/4000 train=-0.3177 probe=nan
  step 4000/4000 train=-0.3088 probe=nan
  CONS {"lenses": 6, "topm": 8, "reach_k": 8, "resolve": "place", "held_out": {"n": 844, "n_beyond_own": 564, "mean_lenses": 2.5687203791469195, "constrain_rate": 0.2665876777251185, "hit_rate": 0.1895734597156398, "own_hit_rate": 0.33175355450236965, "answerable": 0.0, "present_topm": 0.0035545023696682463, "walk_answerable": 0.26421800947867297, "reads_constraint": 1.0, "reads_walk": 8.0, "beyond_own": {"hit": 0.0, "rare": 0.0, "frequent": 0.0, "decisive": 0.0, "vs_decisive": {"mind_only": 0, "rival_only": 0, "n": 564, "mcnemar_z": NaN}, "vs_rare": {"mind_only": 0, "rival_only": 0, "n": 564, "mcnemar_z": NaN}, "vs_walk_rival": {"mind_only": 0, "rival_only": 0, "n": 564, "mcnemar_z": NaN}}, "chosen_share_when_constrained": 0.1502876295817472}, "train_control": {"n": 678, "n_beyond_own": 405, "mean_lenses": 2.5958702064896757, "constrain_rate": 0.26991150442477874, "hit_rate": 0.1902654867256637, "own_hit_rate": 0.4026548672566372, "answerable": 0.011799410029498525, "present_topm": 0.03392330383480826, "walk_answerable": 0.31268436578171094, "reads_constraint": 1.0, "reads_walk": 8.0, "beyond_own": {"hit": 0.0024691358024691358, "rare": 0.0049382716049382715, "frequent": 0.0049382716049382715, "decisive": 0.007407407407407408, "vs_decisive": {"mind_only": 0, "rival_only": 2, "n": 405, "mcnemar_z": -1.414213562373095}, "vs_rare": {"mind_only": 0, "rival_only": 1, "n": 405, "mcnemar_z": -1.0}, "vs_walk_rival": {"mind_only": 1, "rival_only": 1, "n": 405, "mcnemar_z": 0.0}}, "chosen_share_when_constrained": 0.0531138867204441}}
  HELD {"lookup_paired_vs_rival": {"model_only_right": 0, "rival_only_right": 0, "discordant": 0, "mcnemar_z": NaN}, "lookup_paired_vs_rival_cos": {"n": 0, "model_only_right": 0, "rival_only_right": 0, "discordant": 0, "mcnemar_z": NaN, "max_achievable_z": 0.0, "underpowered": true}, "lookup_paired_vs_rival_cos_by_margin": {"median_margin": NaN, "low_margin": {"n": 0, "model_only_right": 0, "rival_only_right": 0, "discordant": 0, "mcnemar_z": NaN, "max_achievable_z": 0.0, "underpowered": true}, "high_margin": {"n": 0, "model_only_right": 0, "rival_only_right": 0, "discordant": 0, "mcnemar_z": NaN, "max_achievable_z": 0.0, "underpowered": true}}, "ladder": {"n_questions": 0, "pairs": 0, "concordant": 0, "ties_excluded": 0, "import_budget_zero_rate": 0.0, "import_budget_mean": 0.0, "concordance": NaN, "z_vs_half": NaN, "mean_phi": {"true": NaN, "near": NaN, "middle": NaN, "far": NaN}}, "exact_mismatches": 0, "confusion": {}, "_mixed": [], "_reach": [], "_pair": [], "_cons": [[0, 1, 1, 0, 1, 0, -1, 0, 0, 0, 0, 0.0, 0, 1, 1], [0, 1, 1, 0, 1, 0, -1, 0, 0, 0, 0, 0.0, 0, 1, 1], [0, 1, 3, 1, 0, 1, 1, 0, 0, 0, 0, 0.0, 0, 1, 1], [0, 0, 2, 1, 0, 1, 0, 0, 0, 0, 0, 0.0, 0, 0, 0], [0, 1, 3, 1, 0, 1, 0, 0, 0, 0, 0, 0.0, 0, 1, 1], [0, 1, 3, 1, 0, 1, 0, 0, 0, 0, 0, 0.0, 0, 1, 1], [0, 1, 3, 1, 0, 1, 0, 0, 0, 0, 0, 0.0, 0, 1, 1], [0, 1, 3, 1, 0, 1, 0, 0, 0, 0, 0, 0.0, 0, 1, 1], [0, 0, 2, 1, 0, 1, 0, 0, 0, 0, 0, 0.0, 0, 0, 0], [0, 0, 6, 0, 0, 0, -1, 0, 0, 0, 0, 0.0, 0, 0, 0], [0, 0, 6, 0, 0, 0, -1, 0, 0, 0, 0, 0.0, 0, 0, 0], [0, 1, 6, 0, 1, 0, -1, 0, 0, 0, 0, 0.0, 0, 1, 1], [0, 0, 6, 0, 0, 0, -1, 0, 0, 0, 0, 0.0, 0, 0, 0], [0, 0, 6, 0, 0, 0, -1, 0, 0, 0, 0, 0.0, 0, 0, 0], [0, 0, 6, 0, 0, 0, -1, 0, 0, 0, 0, 0.0, 0, 0, 0], [0, 0, 6, 0, 0, 0, -1, 0, 0, 0, 0, 0.0, 0, 0, 0], [0, 0, 6, 0, 0, 0, -1, 0, 0, 0, 0, 0.0, 0, 0, 0], [0, 0, 6, 0, 0, 0, -1, 0, 0, 0, 0, 0.0, 0, 0, 0], [0, 0, 6, 0, 0, 0, -1, 0, 0, 0, 0, 0.0, 0, 0, 0], [0, 0, 6, 0, 0, 0, -1, 0, 0, 0, 0, 0.0, 0, 0, 0], [0, 1, 6, 0, 0, 0, -1, 0, 0, 0, 0, 0.0, 0, 1, 1], [0, 1, 6, 0, 1, 0, -1, 0, 0, 0, 0, 0.0, 0, 1, 1], [0, 1, 6, 0, 0, 0, -1, 0, 0, 0, 0, 0.0, 0, 0, 0], [0, 1, 6, 0, 1, 0, -1, 0, 0, 0, 0, 0.0, 0, 1, 1], [0, 0, 6, 0, 0, 0, -1, 0, 0, 0, 0, 0.0, 0, 0, 0], [0, 0, 6, 0, 0, 0, -1, 0, 0, 0, 0, 0.0, 0, 0, 0], [0, 0, 3, 0, 0, 1, 0, 0, 0, 0, 0, 1.0, 1, 0, 0], [0, 1, 4, 0, 0, 0, -1, 0, 0, 0, 0, 0.0, 0, 1, 0], [0, 0, 3, 0, 0, 0, -1, 0, 0, 0, 0, 0.0, 0, 0, 0], [0, 0, 3, 0, 0, 0, -1, 0, 0, 0, 0, 0.0, 0, 0, 0], [0, 1, 4, 0, 0, 0, -1, 0, 0, 0, 0, 0.0, 0, 1, 0], [0, 0, 1, 0, 0, 0, -1, 0, 0, 0, 0, 0.0, 0, 0, 0], [0, 1, 2, 0, 0, 0, -1, 0, 0, 0, 0, 0.0, 0, 0, 0], [0, 1, 2, 0, 0, 0, -1, 0, 0, 0, 0, 0.0, 0, 0, 0], [0, 1, 2, 1, 0, 1, 0, 0, 0, 0, 0, 0.0, 0, 1, 1], [0, 0, 1, 1, 0, 1, 0, 0, 0, 0, 0, 0.0, 0, 0, 0], [0, 1, 2, 1, 0, 1, 0, 0, 0, 0, 0, 0.0, 0, 1, 1], [0, 0, 6, 0, 0, 0, -1, 0, 0, 0, 0, 0.0, 0, 0, 0], [0, 0, 6, 0, 0, 0, -1, 0, 0, 0, 0, 0.0, 0, 0, 0], [0, 0, 6, 0, 0, 0, -1, 0, 0, 0, 0, 0.0, 0, 0, 0], [0, 0, 6, 0, 0, 0, -1, 0, 0, 0, 0, 0.0, 0, 0, 0], [0, 0, 6, 0, 0, 0, -1, 0, 0, 0, 0, 0.0, 0, 0, 0], [0, 0, 6, 0, 0, 0, -1, 0, 0, 0, 0, 0.0, 0, 0, 0], [0, 0, 6, 0, 0, 0, -1, 0, 0, 0, 0, 0.0, 0, 0, 0], [0, 0, 6, 0, 0, 0, -1, 0, 0, 0, 0, 0.0, 0, 0, 0], [0, 0, 6, 0, 0, 0, -1, 0, 0, 0, 0, 0.0, 0, 0, 0], [0, 0, 6, 0, 0, 0, -1, 0, 0, 0, 0, 0.0, 0, 0, 0], [0, 0, 6, 0, 0, 0, -1, 0, 0, 0, 0, 0.0, 0, 0, 0], [0, 0, 6, 0, 0, 0, -1, 0, 0, 0, 0, 0.0, 0, 0, 0], [0, 0, 6, 0, 0, 0, -1, 0, 0, 0, 0, 0.0, 0, 0, 0], [0, 1, 6, 0, 0, 0, -1, 0, 0, 0, 0, 0.0, 0, 1, 0], [0, 1, 6, 0, 0, 0, -1, 0, 0, 0, 0, 0.0, 0, 1, 0], [0, 1, 3, 0, 0, 0, -1, 0, 0, 0, 0, 0.0, 0, 0, 0], [0, 0, 2, 0, 0, 0, -1, 0, 0, 0, 0, 0.0, 0, 0, 0], [0, 1, 3, 0, 1, 0, -1, 0, 0, 0, 0, 0.0, 0, 0, 0], [0, 0, 2, 0, 0, 0, -1, 0, 0, 0, 0, 0.0, 0, 0, 0], [0, 0, 1, 0, 0, 0, -1, 0, 0, 0, 0, 0.0, 0, 0, 0], [0, 0, 1, 0, 0, 0, -1, 0, 0, 0, 0, 0.0, 0, 0, 0], [0, 0, 1, 1, 0, 1, 0, 0, 0, 0, 0, 0.0, 0, 0, 0], [0, 0, 1, 1, 0, 1, 0, 0, 0, 0, 0, 0.0, 0, 0, 0], [0, 0, 3, 0, 0, 0, -1, 0, 0, 0, 0, 0.0, 0, 0, 0], [0, 0, 3, 0, 0, 0, -1, 0, 0, 0, 0, 0.0, 0, 0, 0], [0, 0, 3, 0, 0, 0, -1, 0, 0, 0, 0, 0.0, 0, 0, 0], [0, 0, 3, 0, 0, 0, -1, 0, 0, 0, 0, 0.0, 0, 0, 0], [0, 0, 1, 0, 0, 0, -1, 0, 0, 0, 0, 0.0, 0, 0, 0], [0, 0, 1, 0, 0, 1, 0, 0, 0, 0, 0, 0.5, 2, 0, 0], [0, 0, 1, 0, 0, 1, 0, 0, 0, 0, 0, 0.16666666666666666, 6, 0, 0], [0, 0, 1, 0, 0, 1, 0, 0, 0, 0, 0, 1.0, 1, 0, 0], [0, 0, 1, 0, 0, 0, -1, 0, 0, 0, 0, 0.0, 0, 0, 0], [0, 0, 1, 0, 0, 1, 0, 0, 0, 0, 0, 0.11764705882352941, 17, 0, 0], [0, 0, 1, 0, 0, 0, -1, 0, 0, 0, 0, 0.0, 0, 0, 0], [0, 0, 1, 1, 0, 1, 0, 0, 0, 0, 0, 0.0, 0, 0, 0], [0, 1, 1, 0, 1, 0, -1, 0, 0, 0, 0, 0.0, 0, 1, 1], [0, 1, 1, 0, 1, 0, -1, 0, 0, 0, 0, 0.0, 0, 1, 1], [0, 1, 1, 1, 0, 1, 0, 0, 0, 0, 0, 0.0, 0, 1, 1], [0, 1, 1, 1, 0, 1, 0, 0, 0, 0, 0, 0.0, 0, 1, 1], [0, 1, 1, 0, 1, 0, -1, 0, 0, 0, 0, 0.0, 0, 1, 1], [0, 1, 1, 0, 1, 0, -1, 0, 0, 0, 0, 0.0, 0, 1, 1], [0, 1, 1, 0, 1, 0, -1, 0, 0, 0, 0, 0.0, 0, 1, 1], [0, 1, 1, 0, 1, 0, -1, 0, 0, 0, 0, 0.0, 0, 1, 1], [0, 1, 1, 0, 1, 0, -1, 0, 0, 0, 0, 0.0, 0, 0, 0], [0, 1, 1, 0, 1, 0, -1, 0, 0, 0, 0, 0.0, 0, 0, 0], [0, 1, 1, 0, 1, 0, -1, 0, 0, 0, 0, 0.0, 0, 1, 1], [0, 1, 1, 0, 1, 0, -1, 0, 0, 0, 0, 0.0, 0, 1, 1], [0, 1, 1, 0, 1, 0, -1, 0, 0, 0, 0, 0.0, 0, 0, 0], [0, 1, 1, 0, 1, 0, -1, 0, 0, 0, 0, 0.0, 0, 0, 0], [0, 1, 1, 0, 1, 0, -1, 0, 0, 0, 0, 0.0, 0, 0, 0], [0, 1, 1, 0, 1, 0, -1, 0, 0, 0, 0, 0.0, 0, 0, 0], [0, 1, 1, 0, 1, 0, -1, 0, 0, 0, 0, 0.0, 0, 0, 0], [0, 1, 1, 0, 1, 0, -1, 0, 0, 0, 0, 0.0, 0, 0, 0], [0, 1, 1, 0, 1, 0, -1, 0, 0, 0, 0, 0.0, 0, 0, 0], [0, 1, 1, 0, 1, 0, -1, 0, 0, 0, 0, 0.0, 0, 0, 0], [0, 1, 1, 0, 1, 0, -1, 0, 0, 0, 0, 0.0, 0, 1, 1], [0, 1, 1, 0, 1, 0, -1, 0, 0, 0, 0, 0.0, 0, 1, 1], [0, 1, 1, 0, 1, 0, -1, 0, 0, 0, 0, 0.0, 0, 1, 1], [0, 1, 1, 0, 1, 0, -1, 0, 0, 0, 0, 0.0, 0, 1, 1], [0, 1, 1, 0, 1, 0, -1, 0, 0, 0, 0, 0.0, 0, 1, 1], [0, 1, 1, 0, 1, 0, -1, 0, 0, 0, 0, 0.0, 0, 1, 1], [0, 1, 1, 0, 1, 0, -1, 0, 0, 0, 0, 0.0, 0, 1, 1], [0, 1, 1, 0, 1, 0, -1, 0, 0, 0, 0, 0.0, 0, 1, 1], [0, 1, 1, 0, 1, 0, -1, 0, 0, 0, 0, 0.0, 0, 1, 1], [0, 1, 1, 0, 1, 0, -1, 0, 0, 0, 0, 0.0, 0, 1, 1], [0, 1, 1, 0, 1, 0, -1, 0, 0, 0, 0, 0.0, 0, 1, 1], [0, 1, 1, 0, 1, 0, -1, 0, 0, 0, 0, 0.0, 0, 1, 1], [0, 1, 1, 1, 0, 1, 0, 0, 0, 0, 0, 0.0, 0, 1, 1], [0, 1, 1, 1, 0, 1, 0, 0, 0, 0, 0, 0.0, 0, 1, 1], [0, 1, 1, 1, 0, 1, 0, 0, 0, 0, 0, 0.0, 0, 1, 1], [0, 1, 1, 1, 0, 1, 0, 0, 0, 0, 0, 0.0, 0, 1, 1], [0, 1, 1, 1, 0, 1, 0, 0, 0, 0, 0, 0.0, 0, 1, 1], [0, 1, 1, 1, 0, 1, 0, 0, 0, 0, 0, 0.0, 0, 1, 1], [0, 1, 1, 0, 0, 1, 0, 0, 0, 0, 0, 1.0, 1, 1, 1], [0, 1, 1, 0, 0, 1, 0, 0, 0, 0, 0, 1.0, 1, 1, 1], [0, 1, 1, 0, 0, 1, 0, 0, 0, 0, 0, 1.0, 1, 1, 1], [0, 1, 1, 0, 0, 1, 0, 0, 0, 0, 0, 1.0, 1, 1, 1], [0, 1, 1, 0, 0, 1, 0, 0, 0, 0, 0, 1.0, 1, 1, 1], [0, 1, 1, 0, 1, 0, -1, 0, 0, 0, 0, 0.0, 0, 1, 1], [0, 1, 1, 0, 1, 0, -1, 0, 0, 0, 0, 0.0, 0, 1, 1], [0, 1, 1, 0, 1, 0, -1, 0, 0, 0, 0, 0.0, 0, 1, 1], [0, 1, 1, 0, 1, 0, -1, 0, 0, 0, 0, 0.0, 0, 1, 1], [0, 1, 1, 0, 1, 0, -1, 0, 0, 0, 0, 0.0, 0, 1, 1], [0, 1, 1, 0, 1, 0, -1, 0, 0, 0, 0, 0.0, 0, 0, 0], [0, 1, 1, 0, 1, 0, -1, 0, 0, 0, 0, 0.0, 0, 0, 0], [0, 1, 1, 0, 1, 0, -1, 0, 0, 0, 0, 0.0, 0, 1, 1], [0, 1, 1, 0, 1, 0, -1, 0, 0, 0, 0, 0.0, 0, 1, 1], [0, 1, 1, 0, 1, 0, -1, 0, 0, 0, 0, 0.0, 0, 0, 0], [0, 1, 1, 0, 1, 0, -1, 0, 0, 0, 0, 0.0, 0, 0, 0], [0, 1, 1, 1, 0, 1, 0, 0, 0, 0, 0, 0.0, 0, 1, 1], [0, 1, 1, 1, 0, 1, 0, 0, 0, 0, 0, 0.0, 0, 1, 1], [0, 1, 1, 1, 0, 1, 0, 0, 0, 0, 0, 0.0, 0, 1, 1], [0, 1, 1, 1, 0, 1, 0, 0, 0, 0, 0, 0.0, 0, 1, 1], [0, 1, 1, 1, 0, 1, 0, 0, 0, 0, 0, 0.0, 0, 1, 1], [0, 1, 1, 0, 1, 0, -1, 0, 0, 0, 0, 0.0, 0, 1, 1], [0, 1, 1, 0, 1, 0, -1, 0, 0, 0, 0, 0.0, 0, 1, 1], [0, 1, 1, 0, 1, 0, -1, 0, 0, 0, 0, 0.0, 0, 1, 1], [0, 1, 1, 0, 1, 0, -1, 0, 0, 0, 0, 0.0, 0, 1, 1], [0, 1, 1, 0, 1, 0, -1, 0, 0, 0, 0, 0.0, 0, 1, 1], [0, 1, 1, 0, 1, 0, -1, 0, 0, 0, 0, 0.0, 0, 1, 1], [0, 1, 1, 0, 1, 0, -1, 0, 0, 0, 0, 0.0, 0, 1, 1], [0, 1, 1, 0, 1, 0, -1, 0, 0, 0, 0, 0.0, 0, 1, 1], [0, 1, 1, 0, 1, 0, -1, 0, 0, 0, 0, 0.0, 0, 1, 1], [0, 1, 1, 0, 1, 0, -1, 0, 0, 0, 0, 0.0, 0, 1, 1], [0, 1, 1, 1, 0, 1, 0, 0, 0, 0, 0, 0.0, 0, 1, 1], [0, 1, 1, 1, 0, 1, 0, 0, 0, 0, 0, 0.0, 0, 1, 1], [0, 1, 1, 1, 0, 1, 0, 0, 0, 0, 0, 0.0, 0, 1, 1], [0, 1, 1, 1, 0, 1, 0, 0, 0, 0, 0, 0.0, 0, 1, 1], [0, 1, 1, 0, 1, 0, -1, 0, 0, 0, 0, 0.0, 0, 1, 1], [0, 1, 1, 0, 1, 0, -1, 0, 0, 0, 0, 0.0, 0, 1, 1], [0, 1, 1, 0, 1, 0, -1, 0, 0, 0, 0, 0.0, 0, 1, 1], [0, 1, 1, 0, 1, 0, -1, 0, 0, 0, 0, 0.0, 0, 1, 1], [0, 1, 1, 0, 0, 1, 0, 0, 0, 0, 0, 0.21428571428571427, 14, 0, 0], [0, 1, 1, 0, 0, 1, 0, 0, 0, 0, 0, 0.21428571428571427, 14, 0, 0], [0, 1, 1, 0, 1, 0, -1, 0, 0, 0, 0, 0.0, 0, 1, 1], [0, 1, 1, 0, 1, 0, -1, 0, 0, 0, 0, 0.0, 0, 1, 1], [0, 1, 1, 0, 1, 0, -1, 0, 0, 0, 0, 0.0, 0, 0, 0], [0, 1, 1, 0, 1, 0, -1, 0, 0, 0, 0, 0.0, 0, 0, 0], [0, 1, 1, 0, 1, 0, -1, 0, 0, 0, 0, 0.0, 0, 0, 0], [0, 1, 1, 0, 1, 0, -1, 0, 0, 0, 0, 0.0, 0, 0, 0], [0, 1, 1, 0, 0, 1, 0, 0, 0, 0, 0, 0.26666666666666666, 15, 1, 1], [0, 1, 1, 0, 0, 1, 0, 0, 0, 0, 0, 0.26666666666666666, 15, 1, 1], [0, 1, 1, 0, 1, 0, -1, 0, 0, 0, 0, 0.0, 0, 1, 1], [0, 1, 1, 0, 1, 0, -1, 0, 0, 0, 0, 0.0, 0, 1, 1], [0, 1, 1, 0, 0, 1, 0, 0, 0, 0, 0, 0.15384615384615385, 13, 1, 1], [0, 1, 1, 0, 0, 1, 0, 0, 0, 0, 0, 0.15384615384615385, 13, 1, 1], [0, 1, 1, 0, 1, 0, -1, 0, 0, 0, 0, 0.0, 0, 0, 0], [0, 1, 1, 0, 1, 0, -1, 0, 0, 0, 0, 0.0, 0, 0, 0], [0, 1, 1, 0, 1, 0, -1, 0, 0, 0, 0, 0.0, 0, 1, 1], [0, 1, 1, 0, 1, 0, -1, 0, 0, 0, 0, 0.0, 0, 1, 1], [0, 1, 1, 0, 1, 0, -1, 0, 0, 0, 0, 0.0, 0, 1, 1], [0, 1, 1, 0, 1, 0, -1, 0, 0, 0, 0, 0.0, 0, 1, 1], [0, 1, 1, 0, 1, 0, -1, 0, 0, 0, 0, 0.0, 0, 0, 0], [0, 1, 1, 0, 1, 0, -1, 0, 0, 0, 0, 0.0, 0, 0, 0], [0, 1, 1, 0, 0, 1, 0, 0, 0, 0, 0, 0.125, 16, 0, 0], [0, 1, 1, 0, 0, 1, 0, 0, 0, 0, 0, 0.125, 16, 0, 0], [0, 1, 1, 0, 1, 0, -1, 0, 0, 0, 0, 0.0, 0, 1, 1], [0, 1, 1, 0, 1, 0, -1, 0, 0, 0, 0, 0.0, 0, 1, 1], [0, 1, 1, 0, 1, 0, -1, 0, 0, 0, 0, 0.0, 0, 1, 1], [0, 1, 1, 0, 1, 0, -1, 0, 0, 0, 0, 0.0, 0, 1, 1], [0, 1, 1, 0, 1, 0, -1, 0, 0, 0, 0, 0.0, 0, 1, 1], [0, 1, 1, 0, 1, 0, -1, 0, 0, 0, 0, 0.0, 0, 1, 1], [0, 1, 1, 0, 1, 0, -1, 0, 0, 0, 0, 0.0, 0, 1, 1], [0, 1, 1, 0, 1, 0, -1, 0, 0, 0, 0, 0.0, 0, 1, 1], [0, 1, 1, 0, 1, 0, -1, 0, 0, 0, 0, 0.0, 0, 0, 0], [0, 1, 1, 0, 1, 0, -1, 0, 0, 0, 0, 0.0, 0, 0, 0], [0, 1, 1, 0, 1, 0, -1, 0, 0, 0, 0, 0.0, 0, 1, 1], [0, 1, 1, 0, 1, 0, -1, 0, 0, 0, 0, 0.0, 0, 1, 1], [0, 1, 1, 0, 1, 0, -1, 0, 0, 0, 0, 0.0, 0, 1, 1], [0, 1, 1, 0, 1, 0, -1, 0, 0, 0, 0, 0.0, 0, 1, 1], [0, 1, 1, 1, 0, 1, 0, 0, 0, 0, 0, 0.0, 0, 1, 1], [0, 1, 1, 1, 0, 1, 0, 0, 0, 0, 0, 0.0, 0, 1, 1], [0, 1, 1, 1, 0, 1, 0, 0, 0, 0, 0, 0.0, 0, 1, 1], [0, 1, 1, 1, 0, 1, 0, 0, 0, 0, 0, 0.0, 0, 1, 1], [0, 1, 1, 1, 0, 1, 0, 0, 0, 0, 0, 0.0, 0, 1, 1], [0, 1, 1, 1, 0, 1, 0, 0, 0, 0, 0, 0.0, 0, 1, 1], [0, 1, 1, 1, 0, 1, 0, 0, 0, 0, 0, 0.0, 0, 1, 1], [0, 1, 1, 1, 0, 1, 0, 0, 0, 0, 0, 0.0, 0, 1, 1], [0, 1, 1, 1, 0, 1, 0, 0, 0, 0, 0, 0.0, 0, 1, 1], [0, 1, 1, 1, 0, 1, 0, 0, 0, 0, 0, 0.0, 0, 1, 1], [0, 1, 1, 0, 1, 0, -1, 0, 0, 0, 0, 0.0, 0, 1, 1], [0, 1, 1, 0, 1, 0, -1, 0, 0, 0, 0, 0.0, 0, 1, 1], [0, 1, 1, 0, 1, 0, -1, 0, 0, 0, 0, 0.0, 0, 1, 1], [0, 1, 1, 0, 1, 0, -1, 0, 0, 0, 0, 0.0, 0, 1, 1], [0, 1, 1, 0, 1, 0, -1, 0, 0, 0, 0, 0.0, 0, 1, 1], [0, 1, 1, 0, 1, 0, -1, 0, 0, 0, 0, 0.0, 0, 1, 1], [0, 1, 1, 0, 1, 0, -1, 0, 0, 0, 0, 0.0, 0, 1, 1], [0, 1, 1, 0, 1, 0, -1, 0, 0, 0, 0, 0.0, 0, 1, 1], [0, 1, 1, 0, 1, 0, -1, 0, 0, 0, 0, 0.0, 0, 1, 1], [0, 1, 1, 0, 1, 0, -1, 0, 0, 0, 0, 0.0, 0, 1, 1], [0, 1, 1, 0, 0, 1, 0, 0, 0, 0, 0, 0.5, 2, 1, 1], [0, 1, 1, 0, 0, 1, 0, 0, 0, 0, 0, 0.5, 2, 1, 1], [0, 1, 1, 0, 1, 0, -1, 0, 0, 0, 0, 0.0, 0, 1, 1], [0, 1, 1, 0, 1, 0, -1, 0, 0, 0, 0, 0.0, 0, 1, 1], [0, 1, 1, 0, 1, 0, -1, 0, 0, 0, 0, 0.0, 0, 1, 1], [0, 1, 1, 0, 1, 0, -1, 0, 0, 0, 0, 0.0, 0, 1, 1], [0, 1, 1, 0, 1, 0, -1, 0, 0, 0, 0, 0.0, 0, 1, 1], [0, 1, 1, 0, 1, 0, -1, 0, 0, 0, 0, 0.0, 0, 1, 1], [0, 1, 1, 0, 1, 0, -1, 0, 0, 0, 0, 0.0, 0, 1, 1], [0, 1, 1, 0, 1, 0, -1, 0, 0, 0, 0, 0.0, 0, 1, 1], [0, 1, 1, 0, 1, 0, -1, 0, 0, 0, 0, 0.0, 0, 1, 1], [0, 1, 1, 0, 1, 0, -1, 0, 0, 0, 0, 0.0, 0, 1, 1], [0, 1, 1, 0, 1, 0, -1, 0, 0, 0, 0, 0.0, 0, 1, 1], [0, 1, 1, 0, 1, 0, -1, 0, 0, 0, 0, 0.0, 0, 0, 0], [0, 1, 1, 0, 1, 0, -1, 0, 0, 0, 0, 0.0, 0, 0, 0], [0, 1, 1, 0, 1, 0, -1, 0, 0, 0, 0, 0.0, 0, 1, 1], [0, 1, 1, 0, 1, 0, -1, 0, 0, 0, 0, 0.0, 0, 1, 1], [0, 1, 1, 0, 1, 0, -1, 0, 0, 0, 0, 0.0, 0, 0, 0], [0, 1, 1, 0, 1, 0, -1, 0, 0, 0, 0, 0.0, 0, 0, 0], [0, 1, 1, 0, 1, 0, -1, 0, 0, 0, 0, 0.0, 0, 1, 1], [0, 1, 1, 0, 1, 0, -1, 0, 0, 0, 0, 0.0, 0, 1, 1], [0, 1, 1, 0, 1, 0, -1, 0, 0, 0, 0, 0.0, 0, 0, 0], [0, 1, 1, 0, 1, 0, -1, 0, 0, 0, 0, 0.0, 0, 0, 0], [0, 1, 1, 0, 0, 1, 0, 0, 0, 0, 0, 0.3333333333333333, 3, 1, 1], [0, 1, 1, 0, 0, 1, 0, 0, 0, 0, 0, 0.3333333333333333, 3, 1, 1], [0, 1, 1, 0, 0, 1, 0, 0, 0, 0, 0, 0.3333333333333333, 3, 1, 1], [0, 1, 1, 0, 1, 0, -1, 0, 0, 0, 0, 0.0, 0, 1, 1], [0, 1, 1, 0, 1, 0, -1, 0, 0, 0, 0, 0.0, 0, 1, 1], [0, 1, 1, 0, 1, 0, -1, 0, 0, 0, 0, 0.0, 0, 1, 1], [0, 1, 1, 0, 1, 0, -1, 0, 0, 0, 0, 0.0, 0, 1, 1], [0, 1, 1, 1, 0, 1, 0, 0, 0, 0, 0, 0.0, 0, 1, 1], [0, 1, 1, 1, 0, 1, 0, 0, 0, 0, 0, 0.0, 0, 1, 1], [0, 1, 1, 1, 0, 1, 0, 0, 0, 0, 0, 0.0, 0, 1, 1], [0, 1, 1, 0, 1, 0, -1, 0, 0, 0, 0, 0.0, 0, 1, 1], [0, 1, 1, 0, 1, 0, -1, 0, 0, 0, 0, 0.0, 0, 1, 1], [0, 1, 1, 1, 0, 1, 0, 0, 0, 0, 0, 0.0, 0, 1, 1], [0, 1, 1, 1, 0, 1, 0, 0, 0, 0, 0, 0.0, 0, 1, 1], [0, 1, 1, 1, 0, 1, 0, 0, 0, 0, 0, 0.0, 0, 1, 1], [0, 1, 1, 1, 0, 1, 0, 0, 0, 0, 0, 0.0, 0, 1, 1], [0, 1, 1, 0, 1, 0, -1, 0, 0, 0, 0, 0.0, 0, 1, 1], [0, 1, 1, 0, 1, 0, -1, 0, 0, 0, 0, 0.0, 0, 1, 1], [0, 1, 1, 0, 0, 1, 0, 0, 0, 0, 0, 0.08333333333333333, 12, 1, 1], [0, 1, 1, 0, 0, 1, 0, 0, 0, 0, 0, 0.08333333333333333, 12, 1, 1], [0, 1, 1, 0, 1, 0, -1, 0, 0, 0, 0, 0.0, 0, 0, 0], [0, 1, 1, 0, 1, 0, -1, 0, 0, 0, 0, 0.0, 0, 0, 0], [0, 1, 1, 0, 1, 0, -1, 0, 0, 0, 0, 0.0, 0, 0, 0], [0, 1, 1, 0, 1, 0, -1, 0, 0, 0, 0, 0.0, 0, 0, 0], [0, 1, 1, 1, 0, 1, 0, 0, 0, 0, 0, 0.0, 0, 1, 1], [0, 1, 1, 1, 0, 1, 0, 0, 0, 0, 0, 0.0, 0, 1, 1], [0, 1, 1, 1, 0, 1, 0, 0, 0, 0, 0, 0.0, 0, 1, 1], [0, 1, 1, 1, 0, 1, 0, 0, 0, 0, 0, 0.0, 0, 1, 1], [0, 1, 1, 1, 0, 1, 0, 0, 0, 0, 0, 0.0, 0, 1, 1], [0, 1, 1, 1, 0, 1, 0, 0, 0, 0, 0, 0.0, 0, 1, 1], [0, 1, 1, 1, 0, 1, 0, 0, 0, 0, 0, 0.0, 0, 1, 1], [0, 1, 1, 1, 0, 1, 0, 0, 0, 0, 0, 0.0, 0, 1, 1], [0, 1, 1, 1, 0, 1, 0, 0, 0, 0, 0, 0.0, 0, 1, 1], [0, 1, 1, 1, 0, 1, 0, 0, 0, 0, 0, 0.0, 0, 1, 1], [0, 1, 1, 0, 1, 0, -1, 0, 0, 0, 0, 0.0, 0, 0, 0], [0, 1, 1, 0, 1, 0, -1, 0, 0, 0, 0, 0.0, 0, 0, 0], [0, 1, 1, 0, 0, 1, 0, 0, 0, 0, 0, 1.0, 1, 1, 0], [0, 1, 1, 0, 0, 1, 0, 0, 0, 0, 0, 1.0, 1, 1, 0], [0, 1, 1, 0, 1, 0, -1, 0, 0, 0, 0, 0.0, 0, 1, 1], [0, 1, 1, 0, 1, 0, -1, 0, 0, 0, 0, 0.0, 0, 1, 1], [0, 1, 1, 0, 1, 0, -1, 0, 0, 0, 0, 0.0, 0, 1, 1], [0, 1, 1, 0, 1, 0, -1, 0, 0, 0, 0, 0.0, 0, 1, 1], [0, 1, 1, 0, 1, 0, -1, 0, 0, 0, 0, 0.0, 0, 1, 1], [0, 1, 1, 0, 1, 0, -1, 0, 0, 0, 0, 0.0, 0, 1, 1], [0, 1, 1, 0, 0, 1, 0, 0, 0, 0, 0, 0.15384615384615385, 13, 1, 1], [0, 1, 1, 0, 0, 1, 0, 0, 0, 0, 0, 0.15384615384615385, 13, 1, 1], [0, 1, 1, 0, 1, 0, -1, 0, 0, 0, 0, 0.0, 0, 1, 1], [0, 1, 1, 0, 1, 0, -1, 0, 0, 0, 0, 0.0, 0, 1, 1], [0, 1, 1, 0, 1, 0, -1, 0, 0, 0, 0, 0.0, 0, 0, 0], [0, 1, 1, 0, 1, 0, -1, 0, 0, 0, 0, 0.0, 0, 0, 0], [0, 1, 1, 0, 1, 0, -1, 0, 0, 0, 0, 0.0, 0, 0, 0], [0, 1, 1, 0, 1, 0, -1, 0, 0, 0, 0, 0.0, 0, 0, 0], [0, 1, 1, 0, 1, 0, -1, 0, 0, 0, 0, 0.0, 0, 1, 1], [0, 1, 1, 0, 1, 0, -1, 0, 0, 0, 0, 0.0, 0, 1, 1], [0, 1, 1, 0, 1, 0, -1, 0, 0, 0, 0, 0.0, 0, 0, 0], [0, 1, 1, 0, 1, 0, -1, 0, 0, 0, 0, 0.0, 0, 0, 0], [0, 1, 1, 1, 0, 1, 0, 0, 0, 0, 0, 0.0, 0, 1, 1], [0, 1, 1, 1, 0, 1, 0, 0, 0, 0, 0, 0.0, 0, 1, 1], [0, 1, 1, 1, 0, 1, 0, 0, 0, 0, 0, 0.0, 0, 1, 1], [0, 1, 1, 1, 0, 1, 0, 0, 0, 0, 0, 0.0, 0, 1, 1], [0, 1, 1, 1, 0, 1, 0, 0, 0, 0, 0, 0.0, 0, 1, 1], [0, 1, 1, 0, 1, 0, -1, 0, 0, 0, 0, 0.0, 0, 1, 1], [0, 1, 1, 0, 1, 0, -1, 0, 0, 0, 0, 0.0, 0, 1, 1], [0, 1, 1, 0, 1, 0, -1, 0, 0, 0, 0, 0.0, 0, 0, 0], [0, 1, 1, 0, 1, 0, -1, 0, 0, 0, 0, 0.0, 0, 0, 0], [0, 0, 6, 0, 0, 0, -1, 0, 0, 0, 0, 0.0, 0, 0, 0], [0, 0, 6, 0, 0, 0, -1, 0, 0, 0, 0, 0.0, 0, 0, 0], [0, 0, 6, 0, 0, 0, -1, 0, 0, 0, 0, 0.0, 0, 0, 0], [0, 0, 6, 0, 0, 0, -1, 0, 0, 0, 0, 0.0, 0, 0, 0], [0, 0, 6, 0, 0, 0, -1, 0, 0, 0, 0, 0.0, 0, 0, 0], [0, 0, 6, 0, 0, 0, -1, 0, 0, 0, 0, 0.0, 0, 0, 0], [0, 0, 6, 0, 0, 0, -1, 0, 0, 0, 0, 0.0, 0, 0, 0], [0, 0, 6, 0, 0, 0, -1, 0, 0, 0, 0, 0.0, 0, 0, 0], [0, 0, 6, 0, 0, 0, -1, 0, 0, 0, 0, 0.0, 0, 0, 0], [0, 0, 6, 0, 0, 0, -1, 0, 0, 0, 0, 0.0, 0, 0, 0], [0, 0, 6, 0, 0, 0, -1, 0, 0, 0, 0, 0.0, 0, 0, 0], [0, 0, 6, 0, 0, 0, -1, 0, 0, 0, 0, 0.0, 0, 0, 0], [0, 0, 6, 0, 0, 0, -1, 0, 0, 0, 0, 0.0, 0, 0, 0], [0, 0, 6, 0, 0, 0, -1, 0, 0, 0, 0, 0.0, 0, 0, 0], [0, 0, 6, 0, 0, 0, -1, 0, 0, 0, 0, 0.0, 0, 0, 0], [0, 0, 6, 0, 0, 0, -1, 0, 0, 0, 0, 0.0, 0, 0, 0], [0, 0, 6, 0, 0, 0, -1, 0, 0, 0, 0, 0.0, 0, 0, 0], [0, 1, 6, 0, 0, 0, -1, 0, 0, 0, 0, 0.0, 0, 0, 0], [0, 1, 6, 0, 0, 0, -1, 0, 0, 0, 0, 0.0, 0, 0, 0], [0, 0, 6, 0, 0, 0, -1, 0, 0, 0, 0, 0.0, 0, 0, 0], [0, 0, 6, 0, 0, 0, -1, 0, 0, 0, 0, 0.0, 0, 0, 0], [0, 0, 6, 0, 0, 0, -1, 0, 0, 0, 0, 0.0, 0, 0, 0], [0, 0, 6, 0, 0, 0, -1, 0, 0, 0, 0, 0.0, 0, 0, 0], [0, 0, 6, 0, 0, 0, -1, 0, 0, 0, 0, 0.0, 0, 0, 0], [0, 0, 6, 0, 0, 0, -1, 0, 0, 0, 0, 0.0, 0, 0, 0], [0, 0, 6, 0, 0, 0, -1, 0, 0, 0, 0, 0.0, 0, 0, 0], [0, 1, 2, 0, 0, 0, -1, 0, 0, 0, 0, 0.0, 0, 1, 0], [0, 0, 1, 0, 0, 1, 0, 0, 0, 0, 0, 1.0, 1, 0, 0], [0, 1, 2, 0, 1, 0, -1, 0, 0, 0, 0, 0.0, 0, 1, 0], [0, 1, 2, 0, 0, 1, 0, 0, 0, 0, 0, 0.5, 2, 1, 1], [0, 0, 1, 1, 0, 1, 0, 0, 0, 0, 0, 0.0, 0, 0, 0], [0, 1, 2, 1, 0, 1, 0, 0, 0, 0, 0, 0.0, 0, 1, 1], [0, 0, 3, 0, 0, 0, -1, 0, 0, 0, 0, 0.0, 0, 0, 0], [0, 0, 3, 0, 0, 0, -1, 0, 0, 0, 0, 0.0, 0, 0, 0], [0, 1, 4, 0, 0, 0, -1, 0, 0, 0, 0, 0.0, 0, 1, 1], [0, 1, 4, 0, 0, 0, -1, 0, 0, 0, 0, 0.0, 0, 1, 1], [0, 0, 3, 0, 0, 0, -1, 0, 0, 0, 0, 0.0, 0, 0, 0], [0, 1, 2, 0, 1, 0, -1, 0, 0, 0, 0, 0.0, 0, 1, 1], [0, 1, 2, 0, 1, 0, -1, 0, 0, 0, 0, 0.0, 0, 1, 1], [0, 0, 1, 1, 0, 1, 0, 0, 0, 0, 0, 0.0, 0, 0, 0], [0, 1, 2, 1, 0, 1, 0, 0, 0, 0, 0, 0.0, 0, 1, 1], [0, 1, 2, 1, 0, 1, 0, 0, 0, 0, 0, 0.0, 0, 1, 1], [0, 0, 1, 1, 0, 1, 0, 0, 0, 0, 0, 0.0, 0, 0, 0], [0, 0, 1, 0, 0, 0, -1, 0, 0, 0, 0, 0.0, 0, 0, 0], [0, 1, 2, 0, 0, 0, -1, 0, 0, 0, 0, 0.0, 0, 0, 0], [0, 1, 2, 0, 0, 0, -1, 0, 0, 0, 0, 0.0, 0, 0, 0], [0, 0, 1, 0, 0, 0, -1, 0, 0, 0, 0, 0.0, 0, 0, 0], [0, 1, 2, 0, 0, 0, -1, 0, 0, 0, 0, 0.0, 0, 0, 0], [0, 1, 2, 0, 0, 0, -1, 0, 0, 0, 0, 0.0, 0, 0, 0], [0, 0, 1, 1, 0, 1, 0, 0, 0, 0, 0, 0.0, 0, 0, 0], [0, 1, 2, 1, 0, 1, 0, 0, 0, 0, 0, 0.0, 0, 1, 1], [0, 1, 2, 1, 0, 1, 0, 0, 0, 0, 0, 0.0, 0, 1, 1], [0, 0, 3, 0, 0, 0, -1, 0, 0, 0, 0, 0.0, 0, 0, 0], [0, 0, 3, 0, 0, 0, -1, 0, 0, 0, 0, 0.0, 0, 0, 0], [0, 1, 4, 0, 0, 0, -1, 0, 0, 0, 0, 0.0, 0, 0, 0], [0, 0, 3, 0, 0, 0, -1, 0, 0, 0, 0, 0.0, 0, 0, 0], [0, 1, 4, 0, 0, 0, -1, 0, 0, 0, 0, 0.0, 0, 0, 0], [0, 0, 6, 0, 0, 0, -1, 0, 0, 0, 0, 0.0, 0, 0, 0], [0, 0, 6, 0, 0, 0, -1, 0, 0, 0, 0, 0.0, 0, 0, 0], [0, 0, 6, 0, 0, 0, -1, 0, 0, 0, 0, 0.0, 0, 0, 0], [0, 0, 6, 0, 0, 0, -1, 0, 0, 0, 0, 0.0, 0, 0, 0], [0, 0, 6, 0, 0, 0, -1, 0, 0, 0, 0, 0.0, 0, 0, 0], [0, 0, 6, 0, 0, 0, -1, 0, 0, 0, 0, 0.0, 0, 0, 0], [0, 0, 6, 0, 0, 0, -1, 0, 0, 0, 0, 0.0, 0, 0, 0], [0, 0, 6, 0, 0, 0, -1, 0, 0, 0, 0, 0.0, 0, 0, 0], [0, 0, 6, 0, 0, 0, -1, 0, 0, 0, 0, 0.0, 0, 0, 0], [0, 1, 6, 0, 0, 0, -1, 0, 0, 0, 0, 0.0, 0, 1, 1], [0, 1, 6, 0, 1, 0, -1, 0, 0, 0, 0, 0.0, 0, 1, 1], [0, 1, 6, 0, 0, 0, -1, 0, 0, 0, 0, 0.0, 0, 1, 1], [0, 0, 6, 0, 0, 0, -1, 0, 0, 0, 0, 0.0, 0, 0, 0], [0, 0, 6, 0, 0, 0, -1, 0, 0, 0, 0, 0.0, 0, 0, 0], [0, 0, 6, 0, 0, 0, -1, 0, 0, 0, 0, 0.0, 0, 0, 0], [0, 0, 4, 0, 0, 0, -1, 0, 0, 0, 0, 0.0, 0, 0, 0], [0, 0, 4, 0, 0, 0, -1, 0, 0, 0, 0, 0.0, 0, 0, 0], [0, 1, 5, 0, 0, 0, -1, 0, 0, 0, 0, 0.0, 0, 1, 1], [0, 1, 5, 0, 0, 0, -1, 0, 0, 0, 0, 0.0, 0, 1, 1], [0, 0, 4, 0, 0, 0, -1, 0, 0, 0, 0, 0.0, 0, 0, 0], [0, 0, 4, 0, 0, 0, -1, 0, 0, 0, 0, 0.0, 0, 0, 0], [0, 0, 1, 1, 0, 1, 0, 0, 0, 0, 0, 0.0, 0, 0, 0], [0, 0, 1, 0, 0, 0, -1, 0, 0, 0, 0, 0.0, 0, 0, 0], [0, 0, 1, 0, 0, 0, -1, 0, 0, 0, 0, 0.0, 0, 0, 0], [0, 0, 1, 1, 0, 1, 0, 0, 0, 0, 0, 0.0, 0, 0, 0], [0, 0, 1, 0, 0, 0, -1, 0, 0, 0, 0, 0.0, 0, 0, 0], [0, 0, 1, 1, 0, 1, 0, 0, 0, 0, 0, 0.0, 0, 0, 0], [0, 0, 1, 0, 0, 0, -1, 0, 0, 0, 0, 0.0, 0, 0, 0], [0, 0, 1, 0, 0, 0, -1, 0, 0, 0, 0, 0.0, 0, 0, 0], [0, 0, 6, 0, 0, 0, -1, 0, 0, 0, 0, 0.0, 0, 0, 0], [0, 0, 6, 0, 0, 0, -1, 0, 0, 0, 0, 0.0, 0, 0, 0], [0, 0, 6, 0, 0, 0, -1, 0, 0, 0, 0, 0.0, 0, 0, 0], [0, 0, 6, 0, 0, 0, -1, 0, 0, 0, 0, 0.0, 0, 0, 0], [0, 0, 6, 0, 0, 0, -1, 0, 0, 0, 0, 0.0, 0, 0, 0], [0, 0, 6, 0, 0, 0, -1, 0, 0, 0, 0, 0.0, 0, 0, 0], [0, 0, 6, 0, 0, 0, -1, 0, 0, 0, 0, 0.0, 0, 0, 0], [0, 0, 5, 0, 0, 0, -1, 0, 0, 0, 1, 0.0, 0, 0, 0], [0, 0, 5, 0, 0, 0, -1, 0, 0, 0, 0, 0.0, 0, 0, 0], [0, 0, 5, 0, 0, 0, -1, 0, 0, 0, 0, 0.0, 0, 0, 0], [0, 0, 5, 0, 0, 0, -1, 0, 0, 0, 0, 0.0, 0, 0, 0], [0, 0, 5, 0, 0, 0, -1, 0, 0, 0, 0, 0.0, 0, 1, 0], [0, 0, 5, 0, 0, 0, -1, 0, 0, 0, 0, 0.0, 0, 0, 0], [0, 0, 4, 0, 0, 0, -1, 0, 0, 0, 0, 0.0, 0, 0, 0], [0, 0, 4, 0, 0, 0, -1, 0, 0, 0, 0, 0.0, 0, 0, 0], [0, 0, 4, 0, 0, 0, -1, 0, 0, 0, 0, 0.0, 0, 0, 0], [0, 0, 4, 0, 0, 0, -1, 0, 0, 0, 0, 0.0, 0, 0, 0], [0, 0, 4, 0, 0, 0, -1, 0, 0, 0, 0, 0.0, 0, 0, 0], [0, 0, 1, 1, 0, 1, 0, 0, 0, 0, 0, 0.0, 0, 0, 0], [0, 0, 1, 0, 0, 1, 0, 0, 0, 0, 0, 0.3333333333333333, 3, 0, 0], [0, 0, 1, 1, 0, 1, 0, 0, 0, 0, 0, 0.0, 0, 0, 0], [0, 0, 1, 0, 0, 1, 0, 0, 0, 0, 0, 1.0, 1, 0, 0], [0, 0, 2, 0, 0, 0, -1, 0, 0, 0, 0, 0.0, 0, 0, 0], [0, 0, 2, 0, 0, 0, -1, 0, 0, 0, 0, 0.0, 0, 0, 0], [0, 0, 2, 0, 0, 0, -1, 0, 0, 0, 0, 0.0, 0, 0, 0], [0, 0, 3, 0, 0, 0, -1, 0, 0, 0, 0, 0.0, 0, 0, 0], [0, 0, 3, 0, 0, 0, -1, 0, 0, 0, 0, 0.0, 0, 0, 0], [0, 0, 3, 0, 0, 0, -1, 0, 0, 0, 0, 0.0, 0, 0, 0], [0, 0, 3, 0, 0, 0, -1, 0, 0, 0, 0, 0.0, 0, 0, 0], [0, 0, 1, 0, 0, 1, 0, 0, 0, 0, 0, 0.07692307692307693, 13, 0, 0], [0, 0, 1, 1, 0, 1, 0, 0, 0, 0, 0, 0.0, 0, 0, 0], [0, 0, 1, 0, 0, 0, -1, 0, 0, 0, 0, 0.0, 0, 0, 0], [0, 0, 1, 0, 0, 1, 0, 0, 0, 0, 0, 0.4, 5, 0, 0], [0, 0, 1, 0, 0, 0, -1, 0, 0, 0, 0, 0.0, 0, 0, 0], [0, 0, 1, 0, 0, 0, -1, 0, 0, 0, 0, 0.0, 0, 0, 0], [0, 0, 2, 1, 0, 1, 0, 0, 0, 0, 0, 0.0, 0, 0, 0], [0, 0, 2, 0, 0, 1, 0, 0, 0, 0, 1, 1.0, 1, 0, 0], [0, 0, 2, 0, 0, 1, 0, 0, 0, 0, 0, 1.0, 1, 1, 0], [0, 0, 1, 1, 0, 1, 0, 0, 0, 0, 0, 0.0, 0, 0, 0], [0, 0, 1, 1, 0, 1, 0, 0, 0, 0, 0, 0.0, 0, 0, 0], [0, 0, 2, 0, 0, 0, -1, 0, 0, 0, 0, 0.0, 0, 0, 0], [0, 0, 2, 0, 0, 0, -1, 0, 0, 0, 0, 0.0, 0, 0, 0], [0, 0, 2, 0, 0, 0, -1, 0, 0, 0, 0, 0.0, 0, 0, 0], [0, 0, 1, 0, 0, 0, -1, 0, 0, 0, 0, 0.0, 0, 0, 0], [0, 0, 1, 0, 0, 0, -1, 0, 0, 0, 0, 0.0, 0, 0, 0], [0, 0, 1, 0, 0, 0, -1, 0, 0, 0, 0, 0.0, 0, 0, 0], [0, 0, 1, 1, 0, 1, 0, 0, 0, 0, 0, 0.0, 0, 0, 0], [0, 0, 2, 1, 0, 1, 0, 0, 0, 0, 0, 0.0, 0, 0, 0], [0, 0, 2, 0, 0, 0, -1, 0, 0, 0, 0, 0.0, 0, 0, 0], [0, 0, 2, 0, 0, 0, -1, 0, 0, 0, 0, 0.0, 0, 0, 0], [0, 0, 1, 0, 0, 1, 0, 0, 0, 0, 0, 0.07692307692307693, 13, 0, 0], [0, 0, 1, 0, 0, 0, -1, 0, 0, 0, 0, 0.0, 0, 0, 0], [0, 0, 3, 0, 0, 0, -1, 0, 0, 0, 0, 0.0, 0, 0, 0], [0, 0, 3, 0, 0, 0, -1, 0, 0, 0, 0, 0.0, 0, 0, 0], [0, 0, 3, 0, 0, 0, -1, 0, 0, 0, 0, 0.0, 0, 0, 0], [0, 0, 3, 1, 0, 1, 0, 0, 0, 0, 0, 0.0, 0, 0, 0], [0, 0, 1, 0, 0, 0, -1, 0, 0, 0, 0, 0.0, 0, 0, 0], [0, 0, 1, 0, 0, 0, -1, 0, 0, 0, 0, 0.0, 0, 0, 0], [0, 0, 1, 1, 0, 1, 0, 0, 0, 0, 0, 0.0, 0, 0, 0], [0, 0, 1, 1, 0, 1, 0, 0, 0, 0, 0, 0.0, 0, 0, 0], [0, 0, 2, 0, 0, 0, -1, 0, 0, 0, 0, 0.0, 0, 0, 0], [0, 0, 2, 0, 0, 0, -1, 0, 0, 0, 0, 0.0, 0, 0, 0], [0, 0, 2, 0, 0, 1, 0, 0, 0, 0, 0, 1.0, 2, 0, 0], [0, 0, 2, 0, 0, 0, -1, 0, 0, 0, 0, 0.0, 0, 0, 0], [0, 0, 2, 0, 0, 0, -1, 0, 0, 0, 0, 0.0, 0, 0, 0], [0, 0, 2, 0, 0, 0, -1, 0, 0, 0, 0, 0.0, 0, 0, 0], [0, 0, 1, 0, 0, 0, -1, 0, 0, 0, 0, 0.0, 0, 0, 0], [0, 0, 1, 0, 0, 1, 0, 0, 0, 0, 0, 0.08333333333333333, 12, 0, 0], [0, 0, 1, 1, 0, 1, 0, 0, 0, 0, 0, 0.0, 0, 0, 0], [0, 0, 1, 1, 0, 1, 0, 0, 0, 0, 0, 0.0, 0, 0, 0], [0, 0, 2, 0, 0, 0, -1, 0, 0, 0, 0, 0.0, 0, 0, 0], [0, 0, 2, 0, 0, 0, -1, 0, 0, 0, 0, 0.0, 0, 0, 0], [0, 0, 2, 0, 0, 0, -1, 0, 0, 0, 0, 0.0, 0, 0, 0], [0, 0, 1, 1, 0, 1, 0, 0, 0, 0, 0, 0.0, 0, 0, 0], [0, 0, 1, 0, 0, 0, -1, 0, 0, 0, 0, 0.0, 0, 0, 0], [0, 0, 1, 0, 0, 0, -1, 0, 0, 0, 0, 0.0, 0, 0, 0], [0, 0, 1, 0, 0, 0, -1, 0, 0, 0, 0, 0.0, 0, 0, 0], [0, 0, 2, 0, 0, 0, -1, 0, 0, 0, 0, 0.0, 0, 0, 0], [0, 0, 2, 0, 0, 0, -1, 0, 0, 0, 0, 0.0, 0, 0, 0], [0, 0, 2, 0, 0, 0, -1, 0, 0, 0, 0, 0.0, 0, 0, 0], [0, 0, 1, 0, 0, 1, 0, 0, 0, 0, 0, 1.0, 1, 0, 0], [0, 0, 1, 1, 0, 1, 0, 0, 0, 0, 0, 0.0, 0, 0, 0], [0, 0, 2, 0, 0, 1, 0, 0, 0, 0, 0, 1.0, 2, 0, 0], [0, 0, 2, 0, 0, 0, -1, 0, 0, 0, 0, 0.0, 0, 0, 0], [0, 0, 2, 0, 0, 0, -1, 0, 0, 0, 0, 0.0, 0, 0, 0], [0, 0, 3, 0, 0, 0, -1, 0, 0, 0, 0, 0.0, 0, 0, 0], [0, 0, 3, 0, 0, 0, -1, 0, 0, 0, 0, 0.0, 0, 0, 0], [0, 0, 3, 0, 0, 0, -1, 0, 0, 0, 0, 0.0, 0, 0, 0], [0, 0, 3, 0, 0, 0, -1, 0, 0, 0, 0, 0.0, 0, 0, 0], [0, 0, 6, 0, 0, 0, -1, 0, 0, 0, 0, 0.0, 0, 0, 0], [0, 0, 6, 0, 0, 0, -1, 0, 0, 0, 0, 0.0, 0, 0, 0], [0, 0, 6, 0, 0, 0, -1, 0, 0, 0, 0, 0.0, 0, 0, 0], [0, 0, 6, 0, 0, 0, -1, 0, 0, 0, 0, 0.0, 0, 0, 0], [0, 0, 6, 0, 0, 0, -1, 0, 0, 0, 0, 0.0, 0, 0, 0], [0, 0, 6, 0, 0, 0, -1, 0, 0, 0, 0, 0.0, 0, 0, 0], [0, 0, 6, 0, 0, 0, -1, 0, 0, 0, 0, 0.0, 0, 0, 0], [0, 0, 6, 0, 0, 0, -1, 0, 0, 0, 0, 0.0, 0, 0, 0], [0, 0, 6, 0, 0, 0, -1, 0, 0, 0, 0, 0.0, 0, 0, 0], [0, 0, 6, 0, 0, 0, -1, 0, 0, 0, 0, 0.0, 0, 0, 0], [0, 0, 1, 0, 0, 0, -1, 0, 0, 0, 0, 0.0, 0, 0, 0], [0, 0, 1, 1, 0, 1, 0, 0, 0, 0, 0, 0.0, 0, 0, 0], [0, 0, 1, 1, 0, 1, 0, 0, 0, 0, 0, 0.0, 0, 0, 0], [0, 0, 1, 0, 0, 0, -1, 0, 0, 0, 0, 0.0, 0, 0, 0], [0, 0, 1, 0, 0, 0, -1, 0, 0, 0, 0, 0.0, 0, 0, 0], [0, 0, 1, 0, 0, 0, -1, 0, 0, 0, 0, 0.0, 0, 0, 0], [0, 0, 3, 0, 0, 0, -1, 0, 0, 0, 0, 0.0, 0, 0, 0], [0, 0, 3, 0, 0, 0, -1, 0, 0, 0, 0, 0.0, 0, 0, 0], [0, 0, 3, 0, 0, 0, -1, 0, 0, 0, 0, 0.0, 0, 0, 0], [0, 0, 3, 0, 0, 0, -1, 0, 0, 0, 0, 0.0, 0, 0, 0], [0, 0, 1, 1, 0, 1, 0, 0, 0, 0, 0, 0.0, 0, 0, 0], [0, 0, 1, 0, 0, 0, -1, 0, 0, 0, 0, 0.0, 0, 0, 0], [0, 0, 1, 0, 0, 1, 0, 0, 0, 0, 0, 0.16666666666666666, 6, 0, 0], [0, 0, 1, 0, 0, 0, -1, 0, 0, 0, 0, 0.0, 0, 0, 0], [0, 0, 1, 1, 0, 1, 0, 0, 0, 0, 0, 0.0, 0, 0, 0], [0, 0, 1, 0, 0, 1, 0, 0, 0, 0, 0, 0.4, 5, 0, 0], [0, 0, 6, 0, 0, 0, -1, 0, 0, 0, 0, 0.0, 0, 0, 0], [0, 0, 6, 0, 0, 0, -1, 0, 0, 0, 0, 0.0, 0, 0, 0], [0, 0, 6, 0, 0, 0, -1, 0, 0, 0, 0, 0.0, 0, 0, 0], [0, 0, 6, 0, 0, 0, -1, 0, 0, 0, 0, 0.0, 0, 0, 0], [0, 0, 6, 0, 0, 0, -1, 0, 0, 0, 0, 0.0, 0, 0, 0], [0, 0, 6, 0, 0, 0, -1, 0, 0, 0, 0, 0.0, 0, 0, 0], [0, 0, 6, 0, 0, 0, -1, 0, 0, 0, 0, 0.0, 0, 0, 0], [0, 0, 6, 0, 0, 0, -1, 0, 0, 0, 0, 0.0, 0, 0, 0], [0, 0, 6, 0, 0, 0, -1, 0, 0, 0, 0, 0.0, 0, 0, 0], [0, 0, 1, 1, 0, 1, 0, 0, 0, 0, 0, 0.0, 0, 0, 0], [0, 0, 1, 1, 0, 1, 0, 0, 0, 0, 0, 0.0, 0, 0, 0], [0, 0, 6, 0, 0, 0, -1, 0, 0, 0, 0, 0.0, 0, 0, 0], [0, 0, 6, 0, 0, 0, -1, 0, 0, 0, 0, 0.0, 0, 0, 0], [0, 1, 6, 0, 0, 0, -1, 0, 0, 0, 0, 0.0, 0, 0, 0], [0, 0, 6, 0, 0, 0, -1, 0, 0, 0, 0, 0.0, 0, 0, 0], [0, 0, 6, 0, 0, 0, -1, 0, 0, 0, 0, 0.0, 0, 0, 0], [0, 0, 6, 0, 0, 0, -1, 0, 0, 0, 0, 0.0, 0, 0, 0], [0, 0, 6, 0, 0, 0, -1, 0, 0, 0, 0, 0.0, 0, 0, 0], [0, 0, 6, 0, 0, 0, -1, 0, 0, 0, 0, 0.0, 0, 0, 0], [0, 1, 6, 0, 0, 0, -1, 0, 0, 0, 0, 0.0, 0, 1, 0], [0, 0, 6, 0, 0, 0, -1, 0, 0, 0, 0, 0.0, 0, 0, 0], [0, 0, 6, 0, 0, 0, -1, 0, 0, 0, 0, 0.0, 0, 0, 0], [0, 0, 6, 0, 0, 0, -1, 0, 0, 0, 0, 0.0, 0, 1, 0], [0, 0, 6, 0, 0, 0, -1, 0, 0, 0, 1, 0.0, 0, 0, 0], [0, 0, 6, 0, 0, 0, -1, 0, 0, 0, 0, 0.0, 0, 0, 0], [0, 0, 6, 0, 0, 0, -1, 0, 0, 0, 0, 0.0, 0, 0, 0], [0, 0, 6, 0, 0, 0, -1, 0, 0, 0, 0, 0.0, 0, 0, 0], [0, 0, 6, 0, 0, 0, -1, 0, 0, 0, 0, 0.0, 0, 0, 0], [0, 0, 6, 0, 0, 0, -1, 0, 0, 0, 0, 0.0, 0, 0, 0], [0, 0, 2, 0, 0, 0, -1, 0, 0, 0, 0, 0.0, 0, 0, 0], [0, 0, 2, 0, 0, 0, -1, 0, 0, 0, 0, 0.0, 0, 0, 0], [0, 0, 2, 0, 0, 0, -1, 0, 0, 0, 0, 0.0, 0, 0, 0], [0, 0, 1, 1, 0, 1, 0, 0, 0, 0, 0, 0.0, 0, 0, 0], [0, 0, 1, 0, 0, 0, -1, 0, 0, 0, 0, 0.0, 0, 0, 0], [0, 0, 4, 1, 0, 1, 3, 0, 0, 0, 0, 0.0, 0, 1, 0], [0, 1, 5, 1, 0, 1, 4, 0, 0, 0, 0, 0.0, 0, 0, 0], [0, 1, 5, 1, 0, 1, 4, 0, 0, 0, 0, 0.0, 0, 0, 0], [0, 0, 4, 1, 0, 1, 3, 0, 0, 0, 0, 0.0, 0, 0, 0], [0, 0, 4, 1, 0, 1, 3, 0, 0, 0, 0, 0.0, 0, 0, 0], [0, 1, 5, 1, 0, 1, 1, 0, 0, 0, 0, 0.0, 0, 0, 0], [0, 1, 5, 1, 0, 1, 1, 0, 0, 0, 0, 0.0, 0, 0, 0], [0, 0, 2, 0, 0, 0, -1, 0, 0, 0, 0, 0.0, 0, 0, 0], [0, 0, 2, 0, 0, 0, -1, 0, 0, 0, 0, 0.0, 0, 0, 0], [0, 0, 2, 0, 0, 0, -1, 0, 0, 0, 0, 0.0, 0, 0, 0], [0, 0, 1, 0, 0, 0, -1, 0, 0, 0, 0, 0.0, 0, 0, 0], [0, 0, 1, 0, 0, 0, -1, 0, 0, 0, 0, 0.0, 0, 0, 0], [0, 0, 1, 1, 0, 1, 0, 0, 0, 0, 0, 0.0, 0, 0, 0], [0, 0, 1, 1, 0, 1, 0, 0, 0, 0, 0, 0.0, 0, 0, 0], [0, 0, 1, 1, 0, 1, 0, 0, 0, 0, 0, 0.0, 0, 0, 0], [0, 0, 1, 0, 0, 0, -1, 0, 0, 0, 0, 0.0, 0, 0, 0], [0, 0, 1, 0, 0, 0, -1, 0, 0, 0, 0, 0.0, 0, 0, 0], [0, 0, 1, 0, 0, 1, 0, 0, 0, 0, 0, 0.5, 2, 0, 0], [0, 0, 1, 1, 0, 1, 0, 0, 0, 0, 0, 0.0, 0, 0, 0], [0, 0, 1, 0, 0, 1, 0, 0, 0, 0, 0, 0.14285714285714285, 14, 0, 0], [0, 0, 1, 0, 0, 0, -1, 0, 0, 0, 0, 0.0, 0, 0, 0], [0, 0, 1, 0, 0, 0, -1, 0, 0, 0, 0, 0.0, 0, 0, 0], [0, 0, 1, 0, 0, 0, -1, 0, 0, 0, 0, 0.0, 0, 0, 0], [0, 0, 1, 0, 0, 0, -1, 0, 0, 0, 0, 0.0, 0, 0, 0], [0, 0, 5, 0, 0, 0, -1, 0, 0, 0, 0, 0.0, 0, 0, 0], [0, 0, 5, 0, 0, 0, -1, 0, 0, 0, 0, 0.0, 0, 0, 0], [0, 0, 5, 0, 0, 0, -1, 0, 0, 0, 0, 0.0, 0, 0, 0], [0, 0, 5, 0, 0, 0, -1, 0, 0, 0, 0, 0.0, 0, 0, 0], [0, 0, 5, 0, 0, 0, -1, 0, 0, 0, 0, 0.0, 0, 0, 0], [0, 0, 5, 0, 0, 0, -1, 0, 0, 0, 0, 0.0, 0, 0, 0], [0, 0, 1, 0, 0, 0, -1, 0, 0, 0, 0, 0.0, 0, 0, 0], [0, 0, 1, 0, 0, 1, 0, 0, 0, 0, 0, 0.5, 2, 0, 0], [0, 0, 1, 1, 0, 1, 0, 0, 0, 0, 0, 0.0, 0, 0, 0], [0, 0, 1, 1, 0, 1, 0, 0, 0, 0, 0, 0.0, 0, 0, 0], [0, 0, 1, 1, 0, 1, 0, 0, 0, 0, 0, 0.0, 0, 0, 0], [0, 0, 1, 0, 0, 0, -1, 0, 0, 0, 0, 0.0, 0, 0, 0], [0, 0, 1, 1, 0, 1, 0, 0, 0, 0, 0, 0.0, 0, 1, 0], [0, 0, 1, 1, 0, 1, 0, 0, 0, 0, 0, 0.0, 0, 1, 0], [0, 0, 1, 1, 0, 1, 0, 0, 0, 0, 0, 0.0, 0, 1, 0], [0, 0, 1, 1, 0, 1, 0, 0, 0, 0, 0, 0.0, 0, 1, 0], [0, 0, 5, 0, 0, 0, -1, 0, 0, 0, 0, 0.0, 0, 0, 0], [0, 0, 5, 0, 0, 0, -1, 0, 0, 0, 0, 0.0, 0, 0, 0], [0, 0, 5, 0, 0, 0, -1, 0, 0, 0, 0, 0.0, 0, 0, 0], [0, 0, 5, 0, 0, 0, -1, 0, 0, 0, 0, 0.0, 0, 0, 0], [0, 0, 5, 0, 0, 0, -1, 0, 0, 0, 0, 0.0, 0, 0, 0], [0, 0, 5, 0, 0, 0, -1, 0, 0, 0, 0, 0.0, 0, 0, 0], [0, 0, 5, 0, 0, 0, -1, 0, 0, 0, 0, 0.0, 0, 0, 0], [0, 0, 5, 0, 0, 0, -1, 0, 0, 0, 0, 0.0, 0, 0, 0], [0, 0, 5, 0, 0, 0, -1, 0, 0, 0, 0, 0.0, 0, 0, 0], [0, 0, 5, 0, 0, 0, -1, 0, 0, 0, 0, 0.0, 0, 0, 0], [0, 0, 5, 0, 0, 0, -1, 0, 0, 0, 0, 0.0, 0, 0, 0], [0, 0, 5, 0, 0, 0, -1, 0, 0, 0, 0, 0.0, 0, 0, 0], [0, 0, 1, 0, 0, 0, -1, 0, 0, 0, 0, 0.0, 0, 0, 0], [0, 0, 1, 1, 0, 1, 0, 0, 0, 0, 0, 0.0, 0, 0, 0], [0, 0, 1, 1, 0, 1, 0, 0, 0, 0, 0, 0.0, 0, 0, 0], [0, 0, 1, 0, 0, 0, -1, 0, 0, 0, 0, 0.0, 0, 0, 0], [0, 0, 1, 0, 0, 0, -1, 0, 0, 0, 0, 0.0, 0, 0, 0], [0, 0, 1, 0, 0, 0, -1, 0, 0, 0, 0, 0.0, 0, 0, 0], [0, 0, 3, 0, 0, 0, -1, 0, 0, 0, 0, 0.0, 0, 0, 0], [0, 0, 3, 0, 0, 0, -1, 0, 0, 0, 0, 0.0, 0, 0, 0], [0, 0, 3, 0, 0, 0, -1, 0, 0, 0, 0, 0.0, 0, 0, 0], [0, 0, 3, 0, 0, 0, -1, 0, 0, 0, 0, 0.0, 0, 0, 0], [0, 0, 2, 0, 0, 0, -1, 0, 0, 0, 0, 0.0, 0, 0, 0], [0, 0, 2, 0, 0, 0, -1, 0, 0, 0, 0, 0.0, 0, 0, 0], [0, 0, 2, 0, 0, 0, -1, 0, 0, 0, 0, 0.0, 0, 0, 0], [0, 0, 2, 0, 0, 0, -1, 0, 0, 0, 0, 0.0, 0, 0, 0], [0, 0, 2, 1, 0, 1, 1, 0, 0, 0, 0, 0.0, 0, 0, 0], [0, 0, 2, 0, 0, 0, -1, 0, 0, 0, 0, 0.0, 0, 0, 0], [0, 0, 6, 0, 0, 0, -1, 0, 0, 0, 0, 0.0, 0, 0, 0], [0, 0, 6, 0, 0, 0, -1, 0, 0, 0, 0, 0.0, 0, 0, 0], [0, 0, 6, 0, 0, 0, -1, 0, 0, 0, 0, 0.0, 0, 0, 0], [0, 0, 6, 0, 0, 0, -1, 0, 0, 0, 0, 0.0, 0, 0, 0], [0, 0, 6, 0, 0, 0, -1, 0, 0, 0, 0, 0.0, 0, 0, 0], [0, 0, 6, 0, 0, 0, -1, 0, 0, 0, 0, 0.0, 0, 0, 0], [0, 0, 6, 0, 0, 0, -1, 0, 0, 0, 0, 0.0, 0, 0, 0], [0, 0, 6, 0, 0, 0, -1, 0, 0, 0, 0, 0.0, 0, 0, 0], [0, 0, 6, 0, 0, 0, -1, 0, 0, 0, 0, 0.0, 0, 0, 0], [0, 0, 6, 0, 0, 0, -1, 0, 0, 0, 0, 0.0, 0, 0, 0], [0, 0, 6, 0, 0, 0, -1, 0, 0, 0, 0, 0.0, 0, 0, 0], [0, 0, 1, 1, 0, 1, 0, 0, 0, 0, 0, 0.0, 0, 0, 0], [0, 0, 1, 0, 0, 0, -1, 0, 0, 0, 0, 0.0, 0, 0, 0], [0, 0, 1, 0, 0, 0, -1, 0, 0, 0, 0, 0.0, 0, 0, 0], [0, 0, 1, 0, 0, 0, -1, 0, 0, 0, 0, 0.0, 0, 0, 0], [0, 0, 3, 0, 0, 0, -1, 0, 0, 0, 0, 0.0, 0, 0, 0], [0, 0, 3, 0, 0, 0, -1, 0, 0, 0, 0, 0.0, 0, 0, 0], [0, 0, 3, 0, 0, 0, -1, 0, 0, 0, 0, 0.0, 0, 0, 0], [0, 0, 3, 1, 0, 1, 0, 0, 0, 0, 0, 0.0, 0, 0, 0], [0, 0, 1, 0, 0, 1, 0, 0, 0, 0, 0, 0.15384615384615385, 13, 0, 0], [0, 0, 1, 1, 0, 1, 0, 0, 0, 0, 0, 0.0, 0, 0, 0], [0, 0, 1, 1, 0, 1, 0, 0, 0, 0, 0, 0.0, 0, 1, 0], [0, 0, 1, 0, 0, 1, 0, 0, 0, 0, 0, 0.15384615384615385, 13, 0, 0], [0, 0, 1, 0, 0, 0, -1, 0, 0, 0, 0, 0.0, 0, 0, 0], [0, 0, 1, 0, 0, 0, -1, 0, 0, 0, 0, 0.0, 0, 0, 0], [0, 0, 2, 0, 0, 0, -1, 0, 0, 0, 0, 0.0, 0, 0, 0], [0, 0, 2, 0, 0, 1, 1, 0, 0, 0, 0, 1.0, 1, 0, 0], [0, 0, 2, 0, 0, 0, -1, 0, 0, 0, 0, 0.0, 0, 0, 0], [0, 0, 1, 1, 0, 1, 0, 0, 0, 0, 0, 0.0, 0, 0, 0], [0, 0, 1, 0, 0, 0, -1, 0, 0, 0, 0, 0.0, 0, 0, 0], [0, 0, 4, 0, 0, 0, -1, 0, 0, 0, 0, 0.0, 0, 0, 0], [0, 0, 4, 0, 0, 0, -1, 0, 0, 0, 0, 0.0, 0, 0, 0], [0, 0, 4, 0, 0, 0, -1, 0, 0, 0, 0, 0.0, 0, 1, 0], [0, 0, 4, 0, 0, 0, -1, 0, 0, 0, 0, 0.0, 0, 0, 0], [0, 0, 4, 0, 0, 0, -1, 0, 0, 0, 0, 0.0, 0, 0, 0], [0, 0, 3, 0, 0, 0, -1, 0, 0, 0, 0, 0.0, 0, 0, 0], [0, 0, 3, 0, 0, 0, -1, 0, 0, 0, 0, 0.0, 0, 0, 0], [0, 0, 3, 0, 0, 0, -1, 0, 0, 0, 0, 0.0, 0, 0, 0], [0, 0, 3, 0, 0, 0, -1, 0, 0, 0, 0, 0.0, 0, 0, 0], [0, 0, 1, 0, 0, 0, -1, 0, 0, 0, 0, 0.0, 0, 0, 0], [0, 0, 1, 0, 0, 0, -1, 0, 0, 0, 0, 0.0, 0, 0, 0], [0, 0, 2, 0, 0, 0, -1, 0, 0, 0, 0, 0.0, 0, 0, 0], [0, 0, 2, 0, 0, 0, -1, 0, 0, 0, 0, 0.0, 0, 0, 0], [0, 0, 2, 0, 0, 0, -1, 0, 0, 0, 0, 0.0, 0, 0, 0], [0, 0, 6, 0, 0, 0, -1, 0, 0, 0, 0, 0.0, 0, 0, 0], [0, 0, 6, 0, 0, 0, -1, 0, 0, 0, 0, 0.0, 0, 0, 0], [0, 0, 6, 0, 0, 0, -1, 0, 0, 0, 0, 0.0, 0, 0, 0], [0, 0, 6, 0, 0, 0, -1, 0, 0, 0, 0, 0.0, 0, 0, 0], [0, 0, 6, 0, 0, 0, -1, 0, 0, 0, 0, 0.0, 0, 0, 0], [0, 0, 6, 0, 0, 0, -1, 0, 0, 0, 0, 0.0, 0, 0, 0], [0, 0, 6, 0, 0, 0, -1, 0, 0, 0, 0, 0.0, 0, 0, 0], [0, 0, 6, 0, 0, 0, -1, 0, 0, 0, 0, 0.0, 0, 0, 0], [0, 0, 6, 0, 0, 0, -1, 0, 0, 0, 0, 0.0, 0, 0, 0], [0, 0, 6, 0, 0, 0, -1, 0, 0, 0, 0, 0.0, 0, 0, 0], [0, 0, 1, 1, 0, 1, 0, 0, 0, 0, 0, 0.0, 0, 0, 0], [0, 0, 1, 0, 0, 0, -1, 0, 0, 0, 0, 0.0, 0, 0, 0], [0, 0, 1, 1, 0, 1, 0, 0, 0, 0, 0, 0.0, 0, 0, 0], [0, 0, 1, 0, 0, 0, -1, 0, 0, 0, 0, 0.0, 0, 0, 0], [0, 0, 1, 0, 0, 0, -1, 0, 0, 0, 0, 0.0, 0, 0, 0], [0, 0, 1, 0, 0, 0, -1, 0, 0, 0, 0, 0.0, 0, 0, 0], [0, 0, 1, 0, 0, 0, -1, 0, 0, 0, 0, 0.0, 0, 0, 0], [0, 0, 1, 0, 0, 0, -1, 0, 0, 0, 0, 0.0, 0, 0, 0], [0, 0, 1, 1, 0, 1, 0, 0, 0, 0, 0, 0.0, 0, 0, 0], [0, 0, 1, 1, 0, 1, 0, 0, 0, 0, 0, 0.0, 0, 0, 0], [0, 0, 1, 1, 0, 1, 0, 0, 0, 0, 0, 0.0, 0, 0, 0], [0, 0, 1, 0, 0, 0, -1, 0, 0, 0, 0, 0.0, 0, 0, 0], [0, 0, 1, 0, 0, 0, -1, 0, 0, 0, 0, 0.0, 0, 0, 0], [0, 0, 1, 0, 0, 0, -1, 0, 0, 0, 0, 0.0, 0, 0, 0], [0, 0, 1, 1, 0, 1, 0, 0, 0, 0, 0, 0.0, 0, 0, 0], [0, 0, 1, 0, 0, 0, -1, 0, 0, 0, 0, 0.0, 0, 0, 0], [0, 0, 6, 0, 0, 0, -1, 0, 0, 0, 0, 0.0, 0, 0, 0], [0, 0, 6, 0, 0, 0, -1, 0, 0, 0, 0, 0.0, 0, 0, 0], [0, 0, 6, 0, 0, 0, -1, 0, 0, 0, 0, 0.0, 0, 0, 0], [0, 0, 6, 0, 0, 0, -1, 0, 0, 0, 0, 0.0, 0, 0, 0], [0, 0, 6, 0, 0, 0, -1, 0, 0, 0, 0, 0.0, 0, 0, 0], [0, 0, 6, 0, 0, 0, -1, 0, 0, 0, 0, 0.0, 0, 0, 0], [0, 0, 6, 0, 0, 0, -1, 0, 0, 0, 0, 0.0, 0, 0, 0], [0, 0, 3, 0, 0, 1, 0, 0, 0, 0, 0, 0.5, 2, 0, 0], [0, 0, 3, 0, 0, 1, 1, 0, 0, 0, 0, 1.0, 1, 0, 0], [0, 0, 3, 0, 0, 1, 1, 0, 0, 0, 0, 0.5, 2, 0, 0], [0, 0, 3, 0, 0, 1, 1, 0, 0, 0, 0, 0.5, 2, 0, 0], [0, 0, 1, 0, 0, 0, -1, 0, 0, 0, 0, 0.0, 0, 0, 0], [0, 0, 1, 1, 0, 1, 0, 0, 0, 0, 0, 0.0, 0, 0, 0], [0, 0, 1, 0, 0, 0, -1, 0, 0, 0, 0, 0.0, 0, 0, 0], [0, 0, 1, 0, 0, 0, -1, 0, 0, 0, 0, 0.0, 0, 0, 0], [0, 0, 3, 0, 0, 0, -1, 0, 0, 0, 0, 0.0, 0, 0, 0], [0, 0, 3, 0, 0, 0, -1, 0, 0, 0, 0, 0.0, 0, 0, 0], [0, 0, 3, 0, 0, 0, -1, 0, 0, 0, 0, 0.0, 0, 0, 0], [0, 0, 3, 0, 0, 0, -1, 0, 0, 0, 0, 0.0, 0, 0, 0], [0, 0, 2, 0, 0, 0, -1, 0, 0, 0, 0, 0.0, 0, 0, 0], [0, 0, 2, 0, 0, 0, -1, 0, 0, 0, 0, 0.0, 0, 0, 0], [0, 0, 2, 0, 0, 0, -1, 0, 0, 0, 0, 0.0, 0, 0, 0], [0, 0, 2, 0, 0, 0, -1, 0, 0, 0, 0, 0.0, 0, 0, 0], [0, 0, 2, 0, 0, 0, -1, 0, 0, 0, 0, 0.0, 0, 0, 0], [0, 0, 2, 1, 0, 1, 0, 0, 0, 0, 0, 0.0, 0, 0, 0], [0, 0, 1, 0, 0, 0, -1, 0, 0, 0, 0, 0.0, 0, 0, 0], [0, 0, 1, 1, 0, 1, 0, 0, 0, 0, 0, 0.0, 0, 0, 0], [0, 0, 1, 0, 0, 0, -1, 0, 0, 0, 0, 0.0, 0, 1, 0], [0, 0, 1, 1, 0, 1, 0, 0, 0, 0, 0, 0.0, 0, 0, 0], [0, 0, 1, 0, 0, 0, -1, 0, 0, 0, 0, 0.0, 0, 0, 0], [0, 0, 1, 1, 0, 1, 0, 0, 0, 0, 0, 0.0, 0, 0, 0], [0, 0, 1, 1, 0, 1, 0, 0, 0, 0, 0, 0.0, 0, 0, 0], [0, 0, 1, 1, 0, 1, 0, 0, 0, 0, 0, 0.0, 0, 0, 0], [0, 0, 1, 0, 0, 0, -1, 0, 0, 0, 0, 0.0, 0, 0, 0], [0, 0, 1, 1, 0, 1, 0, 0, 0, 0, 0, 0.0, 0, 0, 0], [0, 0, 1, 0, 0, 1, 0, 0, 0, 0, 0, 0.3333333333333333, 3, 0, 0], [0, 0, 1, 0, 0, 0, -1, 0, 0, 0, 0, 0.0, 0, 0, 0], [0, 0, 1, 0, 0, 0, -1, 0, 0, 0, 0, 0.0, 0, 0, 0], [0, 0, 1, 1, 0, 1, 0, 0, 0, 0, 0, 0.0, 0, 0, 0], [0, 0, 1, 0, 0, 0, -1, 0, 0, 0, 0, 0.0, 0, 0, 0], [0, 0, 1, 1, 0, 1, 0, 0, 0, 0, 0, 0.0, 0, 0, 0], [0, 0, 2, 0, 0, 0, -1, 0, 0, 0, 0, 0.0, 0, 0, 0], [0, 0, 2, 0, 0, 0, -1, 0, 0, 0, 0, 0.0, 0, 0, 0], [0, 0, 2, 0, 0, 0, -1, 0, 0, 0, 0, 0.0, 0, 0, 0], [0, 0, 1, 0, 0, 0, -1, 0, 0, 0, 0, 0.0, 0, 0, 0], [0, 0, 1, 1, 0, 1, 0, 0, 0, 0, 0, 0.0, 0, 0, 0], [0, 0, 2, 0, 0, 0, -1, 0, 0, 0, 0, 0.0, 0, 0, 0], [0, 0, 2, 0, 0, 0, -1, 0, 0, 0, 0, 0.0, 0, 0, 0], [0, 0, 2, 0, 0, 0, -1, 0, 0, 0, 0, 0.0, 0, 0, 0], [0, 0, 2, 0, 0, 0, -1, 0, 0, 0, 0, 0.0, 0, 0, 0], [0, 0, 2, 0, 0, 0, -1, 0, 0, 0, 0, 0.0, 0, 0, 0], [0, 0, 2, 0, 0, 0, -1, 0, 0, 0, 0, 0.0, 0, 0, 0], [0, 0, 1, 0, 0, 0, -1, 0, 0, 0, 0, 0.0, 0, 0, 0], [0, 0, 1, 0, 0, 0, -1, 0, 0, 0, 0, 0.0, 0, 0, 0], [0, 0, 1, 1, 0, 1, 0, 0, 0, 0, 0, 0.0, 0, 0, 0], [0, 0, 1, 1, 0, 1, 0, 0, 0, 0, 0, 0.0, 0, 0, 0], [0, 0, 1, 0, 0, 0, -1, 0, 0, 0, 0, 0.0, 0, 0, 0], [0, 0, 1, 0, 0, 0, -1, 0, 0, 0, 0, 0.0, 0, 0, 0], [0, 0, 1, 0, 0, 1, 0, 0, 0, 0, 0, 0.5, 2, 0, 0], [0, 0, 1, 0, 0, 0, -1, 0, 0, 0, 0, 0.0, 0, 0, 0], [0, 0, 1, 0, 0, 0, -1, 0, 0, 0, 0, 0.0, 0, 0, 0], [0, 0, 1, 0, 0, 1, 0, 0, 0, 0, 0, 0.15384615384615385, 13, 0, 0], [0, 0, 1, 0, 0, 0, -1, 0, 0, 0, 0, 0.0, 0, 0, 0], [0, 0, 1, 0, 0, 0, -1, 0, 0, 0, 0, 0.0, 0, 0, 0], [0, 0, 1, 1, 0, 1, 0, 0, 0, 0, 0, 0.0, 0, 0, 0], [0, 0, 1, 0, 0, 0, -1, 0, 0, 0, 0, 0.0, 0, 0, 0], [0, 0, 6, 0, 0, 0, -1, 0, 0, 0, 0, 0.0, 0, 0, 0], [0, 0, 6, 0, 0, 0, -1, 0, 0, 0, 0, 0.0, 0, 0, 0], [0, 0, 6, 0, 0, 0, -1, 0, 0, 0, 0, 0.0, 0, 0, 0], [0, 0, 6, 0, 0, 0, -1, 0, 0, 0, 0, 0.0, 0, 0, 0], [0, 0, 6, 0, 0, 0, -1, 0, 0, 0, 0, 0.0, 0, 0, 0], [0, 0, 6, 0, 0, 0, -1, 0, 0, 0, 0, 0.0, 0, 0, 0], [0, 0, 6, 0, 0, 0, -1, 0, 0, 0, 0, 0.0, 0, 0, 0], [0, 0, 1, 0, 0, 0, -1, 0, 0, 0, 0, 0.0, 0, 0, 0], [0, 0, 1, 0, 0, 0, -1, 0, 0, 0, 0, 0.0, 0, 0, 0], [0, 0, 6, 0, 0, 0, -1, 0, 0, 0, 0, 0.0, 0, 0, 0], [0, 0, 6, 0, 0, 0, -1, 0, 0, 0, 0, 0.0, 0, 0, 0], [0, 0, 6, 0, 0, 0, -1, 0, 0, 0, 0, 0.0, 0, 0, 0], [0, 0, 6, 0, 0, 0, -1, 0, 0, 0, 0, 0.0, 0, 0, 0], [0, 0, 6, 0, 0, 0, -1, 0, 0, 0, 0, 0.0, 0, 0, 0], [0, 0, 6, 0, 0, 0, -1, 0, 0, 0, 0, 0.0, 0, 0, 0], [0, 0, 6, 0, 0, 0, -1, 0, 0, 0, 0, 0.0, 0, 0, 0], [0, 0, 6, 0, 0, 0, -1, 0, 0, 0, 0, 0.0, 0, 0, 0], [0, 0, 6, 0, 0, 0, -1, 0, 0, 0, 0, 0.0, 0, 0, 0], [0, 0, 6, 0, 0, 0, -1, 0, 0, 0, 0, 0.0, 0, 0, 0], [0, 0, 6, 0, 0, 0, -1, 0, 0, 0, 0, 0.0, 0, 0, 0], [0, 0, 6, 0, 0, 0, -1, 0, 0, 0, 0, 0.0, 0, 0, 0], [0, 0, 6, 0, 0, 0, -1, 0, 0, 0, 0, 0.0, 0, 0, 0], [0, 0, 6, 0, 0, 0, -1, 0, 0, 0, 0, 0.0, 0, 0, 0], [0, 0, 4, 0, 0, 0, -1, 0, 0, 0, 0, 0.0, 0, 0, 0], [0, 1, 5, 0, 0, 0, -1, 0, 0, 0, 0, 0.0, 0, 0, 0], [0, 1, 5, 0, 0, 0, -1, 0, 0, 0, 0, 0.0, 0, 0, 0], [0, 1, 5, 0, 0, 0, -1, 0, 0, 0, 0, 0.0, 0, 0, 0], [0, 0, 4, 0, 0, 0, -1, 0, 0, 0, 0, 0.0, 0, 0, 0], [0, 1, 5, 0, 0, 0, -1, 0, 0, 0, 0, 0.0, 0, 0, 0], [0, 0, 4, 1, 0, 1, 2, 0, 0, 0, 0, 0.0, 0, 0, 0], [0, 0, 1, 1, 0, 1, 0, 0, 0, 0, 0, 0.0, 0, 0, 0], [0, 0, 1, 0, 0, 1, 0, 0, 0, 0, 0, 1.0, 1, 0, 0], [0, 0, 6, 0, 0, 0, -1, 0, 0, 0, 0, 0.0, 0, 0, 0], [0, 0, 6, 0, 0, 0, -1, 0, 0, 0, 0, 0.0, 0, 0, 0], [0, 0, 6, 0, 0, 0, -1, 0, 0, 0, 0, 0.0, 0, 0, 0], [0, 0, 6, 0, 0, 0, -1, 0, 0, 0, 0, 0.0, 0, 0, 0], [0, 0, 6, 0, 0, 0, -1, 0, 0, 0, 0, 0.0, 0, 0, 0], [0, 0, 6, 0, 0, 0, -1, 0, 0, 0, 0, 0.0, 0, 0, 0], [0, 0, 6, 0, 0, 0, -1, 0, 0, 0, 0, 0.0, 0, 0, 0], [0, 0, 6, 0, 0, 0, -1, 0, 0, 0, 0, 0.0, 0, 0, 0], [0, 0, 6, 0, 0, 0, -1, 0, 0, 0, 0, 0.0, 0, 0, 0], [0, 0, 6, 0, 0, 0, -1, 0, 0, 0, 0, 0.0, 0, 0, 0], [0, 0, 2, 0, 0, 0, -1, 0, 0, 0, 0, 0.0, 0, 0, 0], [0, 0, 2, 0, 0, 0, -1, 0, 0, 0, 0, 0.0, 0, 0, 0], [0, 0, 2, 0, 0, 0, -1, 0, 0, 0, 0, 0.0, 0, 0, 0], [0, 0, 1, 0, 0, 1, 0, 0, 0, 0, 0, 1.0, 1, 0, 0], [0, 0, 1, 1, 0, 1, 0, 0, 0, 0, 0, 0.0, 0, 0, 0], [0, 0, 1, 0, 0, 0, -1, 0, 0, 0, 0, 0.0, 0, 0, 0], [0, 0, 1, 0, 0, 0, -1, 0, 0, 0, 0, 0.0, 0, 0, 0], [0, 0, 1, 0, 0, 1, 0, 0, 0, 0, 0, 0.15384615384615385, 13, 0, 0], [0, 0, 1, 1, 0, 1, 0, 0, 0, 0, 0, 0.0, 0, 1, 0], [0, 0, 1, 0, 0, 0, -1, 0, 0, 0, 0, 0.0, 0, 0, 0], [0, 0, 1, 0, 0, 1, 0, 0, 0, 0, 0, 1.0, 1, 0, 0], [0, 0, 1, 1, 0, 1, 0, 0, 0, 0, 0, 0.0, 0, 1, 0], [0, 0, 1, 0, 0, 1, 0, 0, 0, 0, 0, 0.15384615384615385, 13, 0, 0], [0, 0, 1, 1, 0, 1, 0, 0, 0, 0, 0, 0.0, 0, 0, 0], [0, 0, 1, 0, 0, 0, -1, 0, 0, 0, 0, 0.0, 0, 0, 0], [0, 0, 4, 0, 0, 0, -1, 0, 0, 0, 0, 0.0, 0, 0, 0], [0, 0, 4, 0, 0, 0, -1, 0, 0, 0, 0, 0.0, 0, 0, 0], [0, 0, 4, 0, 0, 0, -1, 0, 0, 0, 0, 0.0, 0, 0, 0], [0, 0, 4, 0, 0, 0, -1, 0, 0, 0, 0, 0.0, 0, 0, 0], [0, 0, 4, 0, 0, 0, -1, 0, 0, 0, 0, 0.0, 0, 0, 0], [0, 0, 1, 0, 0, 0, -1, 0, 0, 0, 0, 0.0, 0, 0, 0], [0, 0, 1, 1, 0, 1, 0, 0, 0, 0, 0, 0.0, 0, 0, 0], [0, 0, 1, 0, 0, 0, -1, 0, 0, 0, 0, 0.0, 0, 0, 0], [0, 0, 1, 1, 0, 1, 0, 0, 0, 0, 0, 0.0, 0, 0, 0], [0, 0, 1, 1, 0, 1, 0, 0, 0, 0, 0, 0.0, 0, 0, 0], [0, 0, 1, 0, 0, 0, -1, 0, 0, 0, 0, 0.0, 0, 0, 0], [0, 0, 1, 0, 0, 0, -1, 0, 0, 0, 0, 0.0, 0, 0, 0], [0, 0, 1, 0, 0, 0, -1, 0, 0, 0, 0, 0.0, 0, 0, 0], [0, 0, 1, 0, 0, 0, -1, 0, 0, 0, 0, 0.0, 0, 0, 0], [0, 0, 1, 0, 0, 1, 0, 0, 0, 0, 0, 0.4, 5, 0, 0], [0, 0, 1, 0, 0, 0, -1, 0, 0, 0, 0, 0.0, 0, 0, 0], [0, 0, 1, 1, 0, 1, 0, 0, 0, 0, 0, 0.0, 0, 0, 0], [0, 0, 1, 1, 0, 1, 0, 0, 0, 0, 0, 0.0, 0, 0, 0], [0, 0, 1, 1, 0, 1, 0, 0, 0, 0, 0, 0.0, 0, 0, 0], [0, 0, 1, 0, 0, 0, -1, 0, 0, 0, 0, 0.0, 0, 0, 0], [0, 0, 1, 0, 0, 0, -1, 0, 0, 0, 0, 0.0, 0, 0, 0], [0, 0, 1, 0, 0, 0, -1, 0, 0, 0, 0, 0.0, 0, 0, 0], [0, 0, 1, 0, 0, 0, -1, 0, 0, 0, 0, 0.0, 0, 0, 0], [0, 0, 4, 0, 0, 0, -1, 0, 0, 0, 0, 0.0, 0, 0, 0], [0, 0, 4, 0, 0, 0, -1, 0, 0, 0, 0, 0.0, 0, 0, 0], [0, 0, 4, 0, 0, 0, -1, 0, 0, 0, 0, 0.0, 0, 0, 0], [0, 0, 4, 0, 0, 0, -1, 0, 0, 0, 0, 0.0, 0, 0, 0], [0, 0, 4, 0, 0, 0, -1, 0, 0, 0, 0, 0.0, 0, 0, 0], [0, 0, 2, 0, 0, 0, -1, 0, 0, 0, 0, 0.0, 0, 0, 0], [0, 0, 2, 0, 0, 0, -1, 0, 0, 0, 0, 0.0, 0, 0, 0], [0, 0, 2, 0, 0, 0, -1, 0, 0, 0, 0, 0.0, 0, 0, 0], [0, 0, 1, 1, 0, 1, 0, 0, 0, 0, 0, 0.0, 0, 0, 0], [0, 0, 1, 1, 0, 1, 0, 0, 0, 0, 0, 0.0, 0, 0, 0], [0, 0, 1, 0, 0, 0, -1, 0, 0, 0, 0, 0.0, 0, 0, 0], [0, 0, 1, 0, 0, 0, -1, 0, 0, 0, 0, 0.0, 0, 0, 0], [0, 0, 1, 0, 0, 1, 0, 0, 0, 0, 0, 0.15384615384615385, 13, 0, 0], [0, 0, 1, 0, 0, 0, -1, 0, 0, 0, 0, 0.0, 0, 0, 0], [0, 0, 1, 0, 0, 1, 0, 0, 0, 0, 0, 0.5, 2, 0, 0], [0, 0, 1, 1, 0, 1, 0, 0, 0, 0, 0, 0.0, 0, 0, 0], [0, 0, 1, 0, 0, 0, -1, 0, 0, 0, 0, 0.0, 0, 0, 0], [0, 0, 1, 0, 0, 0, -1, 0, 0, 0, 0, 0.0, 0, 0, 0], [0, 0, 1, 0, 0, 0, -1, 0, 0, 0, 0, 0.0, 0, 0, 0], [0, 0, 1, 0, 0, 0, -1, 0, 0, 0, 0, 0.0, 0, 0, 0], [0, 0, 1, 0, 0, 0, -1, 0, 0, 0, 0, 0.0, 0, 0, 0], [0, 0, 1, 0, 0, 1, 0, 0, 0, 0, 0, 0.5, 2, 0, 0], [0, 0, 1, 0, 0, 0, -1, 0, 0, 0, 0, 0.0, 0, 0, 0], [0, 0, 1, 1, 0, 1, 0, 0, 0, 0, 0, 0.0, 0, 0, 0], [0, 0, 1, 0, 0, 1, 0, 0, 0, 0, 0, 0.2, 5, 0, 0], [0, 0, 1, 0, 0, 0, -1, 0, 0, 0, 0, 0.0, 0, 0, 0], [0, 0, 1, 0, 0, 0, -1, 0, 0, 0, 0, 0.0, 0, 0, 0], [0, 0, 1, 0, 0, 0, -1, 0, 0, 0, 0, 0.0, 0, 0, 0], [0, 0, 1, 0, 0, 0, -1, 0, 0, 0, 0, 0.0, 0, 0, 0], [0, 0, 1, 0, 0, 0, -1, 0, 0, 0, 0, 0.0, 0, 0, 0]]}
  CONTROL {"lookup_paired_vs_rival": {"model_only_right": 0, "rival_only_right": 0, "discordant": 0, "mcnemar_z": NaN}, "lookup_paired_vs_rival_cos": {"n": 0, "model_only_right": 0, "rival_only_right": 0, "discordant": 0, "mcnemar_z": NaN, "max_achievable_z": 0.0, "underpowered": true}, "lookup_paired_vs_rival_cos_by_margin": {"median_margin": NaN, "low_margin": {"n": 0, "model_only_right": 0, "rival_only_right": 0, "discordant": 0, "mcnemar_z": NaN, "max_achievable_z": 0.0, "underpowered": true}, "high_margin": {"n": 0, "model_only_right": 0, "rival_only_right": 0, "discordant": 0, "mcnemar_z": NaN, "max_achievable_z": 0.0, "underpowered": true}}, "ladder": {"n_questions": 0, "pairs": 0, "concordant": 0, "ties_excluded": 0, "import_budget_zero_rate": 0.0, "import_budget_mean": 0.0, "concordance": NaN, "z_vs_half": NaN, "mean_phi": {"true": NaN, "near": NaN, "middle": NaN, "far": NaN}}, "exact_mismatches": 0, "confusion": {}, "_mixed": [], "_reach": [], "_pair": [], "_cons": [[0, 1, 2, 1, 0, 1, 1, 0, 0, 0, 0, 0.0, 0, 1, 1], [0, 0, 1, 1, 0, 1, 0, 0, 0, 0, 0, 0.0, 0, 0, 0], [0, 1, 2, 1, 0, 1, 0, 0, 0, 0, 0, 0.0, 0, 1, 1], [0, 1, 2, 1, 0, 1, 0, 0, 0, 0, 0, 0.0, 0, 1, 1], [0, 1, 6, 0, 1, 0, -1, 0, 0, 0, 0, 0.0, 0, 1, 1], [0, 1, 6, 0, 1, 0, -1, 0, 0, 0, 1, 0.0, 0, 1, 1], [0, 1, 6, 0, 1, 0, -1, 0, 0, 0, 0, 0.0, 0, 1, 1], [0, 1, 5, 0, 1, 0, -1, 0, 0, 0, 0, 0.0, 0, 1, 1], [0, 0, 4, 0, 0, 0, -1, 0, 0, 0, 0, 0.0, 0, 1, 0], [0, 0, 5, 0, 0, 0, -1, 0, 0, 0, 0, 0.0, 0, 0, 0], [0, 1, 5, 0, 1, 0, -1, 0, 0, 0, 1, 0.0, 0, 1, 1], [0, 0, 4, 0, 0, 0, -1, 0, 0, 0, 0, 0.0, 0, 0, 0], [0, 0, 5, 0, 0, 0, -1, 0, 0, 0, 0, 0.0, 0, 0, 0], [0, 0, 5, 0, 0, 0, -1, 0, 0, 0, 0, 0.0, 0, 0, 0], [0, 1, 6, 0, 1, 0, -1, 0, 0, 0, 1, 0.0, 0, 1, 1], [0, 0, 4, 0, 0, 0, -1, 0, 0, 0, 0, 0.0, 0, 0, 0], [0, 0, 6, 0, 0, 0, -1, 0, 0, 0, 0, 0.0, 0, 0, 0], [0, 1, 6, 0, 1, 0, -1, 0, 0, 0, 1, 0.0, 0, 1, 1], [0, 1, 5, 0, 1, 0, -1, 0, 0, 0, 1, 0.0, 0, 1, 1], [0, 1, 6, 0, 1, 0, -1, 0, 0, 0, 1, 0.0, 0, 1, 1], [0, 1, 6, 0, 1, 0, -1, 0, 0, 0, 1, 0.0, 0, 1, 1], [0, 1, 5, 0, 0, 0, -1, 0, 0, 0, 0, 0.0, 0, 1, 0], [0, 0, 4, 0, 0, 0, -1, 0, 0, 0, 0, 0.0, 0, 0, 0], [0, 1, 5, 0, 1, 0, -1, 0, 0, 0, 0, 0.0, 0, 1, 0], [0, 0, 4, 0, 0, 0, -1, 0, 0, 0, 0, 0.0, 0, 0, 0], [0, 0, 4, 0, 0, 0, -1, 0, 0, 0, 0, 0.0, 0, 0, 0], [0, 0, 4, 0, 0, 0, -1, 0, 0, 0, 0, 0.0, 0, 0, 0], [0, 0, 4, 0, 0, 0, -1, 0, 0, 0, 0, 0.0, 0, 0, 0], [0, 1, 5, 0, 0, 0, -1, 0, 0, 0, 0, 0.0, 0, 0, 0], [0, 1, 5, 0, 0, 0, -1, 0, 0, 0, 0, 0.0, 0, 0, 0], [0, 0, 4, 1, 0, 1, 1, 0, 0, 0, 0, 0.0, 0, 0, 0], [0, 0, 4, 0, 0, 0, -1, 0, 0, 0, 0, 0.0, 0, 0, 0], [0, 0, 4, 0, 0, 0, -1, 0, 0, 0, 0, 0.0, 0, 0, 0], [0, 0, 1, 1, 0, 1, 0, 0, 0, 0, 0, 0.0, 0, 0, 0], [0, 1, 2, 1, 0, 1, 0, 0, 0, 0, 0, 0.0, 0, 1, 0], [0, 1, 2, 1, 0, 1, 0, 0, 0, 0, 0, 0.0, 0, 1, 0], [0, 0, 6, 0, 0, 0, -1, 0, 0, 0, 0, 0.0, 0, 0, 0], [0, 0, 6, 0, 0, 0, -1, 0, 0, 0, 1, 0.0, 0, 1, 0], [0, 0, 6, 0, 0, 0, -1, 0, 0, 0, 0, 0.0, 0, 0, 0], [0, 0, 6, 0, 0, 0, -1, 0, 0, 0, 0, 0.0, 0, 0, 0], [0, 0, 6, 0, 0, 0, -1, 0, 0, 0, 0, 0.0, 0, 0, 0], [0, 1, 6, 0, 0, 0, -1, 0, 0, 0, 0, 0.0, 0, 0, 0], [1, 1, 6, 0, 0, 0, -1, 0, 1, 1, 1, 0.0, 0, 1, 1], [0, 1, 6, 0, 0, 0, -1, 0, 0, 0, 0, 0.0, 0, 0, 0], [0, 0, 6, 0, 0, 0, -1, 0, 0, 0, 0, 0.0, 0, 0, 0], [1, 1, 6, 0, 0, 0, -1, 0, 1, 1, 1, 0.0, 0, 1, 1], [0, 0, 1, 0, 0, 0, -1, 0, 0, 0, 0, 0.0, 0, 0, 0], [0, 0, 1, 1, 0, 1, 0, 0, 0, 0, 0, 0.0, 0, 0, 0], [0, 0, 2, 0, 0, 0, -1, 0, 0, 0, 0, 0.0, 0, 0, 0], [0, 0, 2, 0, 0, 0, -1, 0, 0, 0, 0, 0.0, 0, 0, 0], [0, 0, 2, 0, 0, 0, -1, 0, 0, 0, 0, 0.0, 0, 0, 0], [0, 0, 3, 0, 0, 0, -1, 0, 0, 0, 0, 0.0, 0, 0, 0], [0, 0, 3, 0, 0, 0, -1, 0, 0, 0, 0, 0.0, 0, 0, 0], [0, 0, 3, 0, 0, 0, -1, 0, 0, 0, 0, 0.0, 0, 0, 0], [0, 0, 3, 0, 0, 0, -1, 0, 0, 0, 0, 0.0, 0, 0, 0], [0, 0, 1, 0, 0, 0, -1, 0, 0, 0, 0, 0.0, 0, 0, 0], [0, 0, 1, 1, 0, 1, 0, 0, 0, 0, 0, 0.0, 0, 0, 0], [0, 0, 2, 0, 0, 0, -1, 0, 0, 0, 0, 0.0, 0, 0, 0], [0, 0, 2, 0, 0, 0, -1, 0, 0, 0, 0, 0.0, 0, 0, 0], [0, 0, 2, 0, 0, 0, -1, 0, 0, 0, 0, 0.0, 0, 0, 0], [0, 0, 1, 1, 0, 1, 0, 0, 0, 0, 0, 0.0, 0, 0, 0], [0, 0, 1, 0, 0, 0, -1, 0, 0, 0, 0, 0.0, 0, 0, 0], [0, 1, 1, 0, 1, 0, -1, 0, 0, 0, 0, 0.0, 0, 0, 0], [0, 1, 1, 0, 1, 0, -1, 0, 0, 0, 0, 0.0, 0, 0, 0], [0, 1, 1, 0, 1, 0, -1, 0, 0, 0, 0, 0.0, 0, 1, 1], [0, 1, 1, 0, 1, 0, -1, 0, 0, 0, 0, 0.0, 0, 1, 1], [0, 1, 1, 0, 1, 0, -1, 0, 0, 0, 0, 0.0, 0, 1, 1], [0, 1, 1, 0, 1, 0, -1, 0, 0, 0, 0, 0.0, 0, 1, 1], [0, 1, 1, 1, 0, 1, 0, 0, 0, 0, 0, 0.0, 0, 1, 1], [0, 1, 1, 1, 0, 1, 0, 0, 0, 0, 0, 0.0, 0, 1, 1], [0, 1, 1, 1, 0, 1, 0, 0, 0, 0, 0, 0.0, 0, 1, 1], [0, 1, 1, 1, 0, 1, 0, 0, 0, 0, 0, 0.0, 0, 1, 1], [0, 1, 1, 1, 0, 1, 0, 0, 0, 0, 0, 0.0, 0, 1, 1], [0, 1, 1, 0, 1, 0, -1, 0, 0, 0, 0, 0.0, 0, 1, 1], [0, 1, 1, 0, 1, 0, -1, 0, 0, 0, 0, 0.0, 0, 1, 1], [0, 1, 1, 1, 0, 1, 0, 0, 0, 0, 0, 0.0, 0, 1, 1], [0, 1, 1, 1, 0, 1, 0, 0, 0, 0, 0, 0.0, 0, 1, 1], [0, 1, 1, 1, 0, 1, 0, 0, 0, 0, 0, 0.0, 0, 1, 1], [0, 1, 1, 0, 1, 0, -1, 0, 0, 0, 0, 0.0, 0, 1, 1], [0, 1, 1, 0, 1, 0, -1, 0, 0, 0, 0, 0.0, 0, 1, 1], [0, 1, 1, 0, 1, 0, -1, 0, 0, 0, 0, 0.0, 0, 1, 1], [0, 1, 1, 0, 1, 0, -1, 0, 0, 0, 0, 0.0, 0, 1, 1], [0, 1, 1, 1, 0, 1, 0, 0, 0, 0, 0, 0.0, 0, 1, 1], [0, 1, 1, 1, 0, 1, 0, 0, 0, 0, 0, 0.0, 0, 1, 1], [0, 1, 1, 0, 1, 0, -1, 0, 0, 0, 0, 0.0, 0, 1, 1], [0, 1, 1, 0, 1, 0, -1, 0, 0, 0, 0, 0.0, 0, 1, 1], [0, 1, 1, 0, 1, 0, -1, 0, 0, 0, 0, 0.0, 0, 1, 1], [0, 1, 1, 0, 1, 0, -1, 0, 0, 0, 0, 0.0, 0, 1, 1], [0, 1, 1, 1, 0, 1, 0, 0, 0, 0, 0, 0.0, 0, 1, 1], [0, 1, 1, 1, 0, 1, 0, 0, 0, 0, 0, 0.0, 0, 1, 1], [0, 1, 1, 0, 1, 0, -1, 0, 0, 0, 0, 0.0, 0, 1, 1], [0, 1, 1, 0, 1, 0, -1, 0, 0, 0, 0, 0.0, 0, 1, 1], [0, 1, 1, 0, 1, 0, -1, 0, 0, 0, 0, 0.0, 0, 1, 1], [0, 1, 1, 0, 1, 0, -1, 0, 0, 0, 0, 0.0, 0, 1, 1], [0, 1, 1, 0, 1, 0, -1, 0, 0, 0, 0, 0.0, 0, 1, 1], [0, 1, 1, 0, 1, 0, -1, 0, 0, 0, 0, 0.0, 0, 1, 1], [0, 1, 1, 0, 1, 0, -1, 0, 0, 0, 0, 0.0, 0, 1, 1], [0, 1, 1, 0, 1, 0, -1, 0, 0, 0, 0, 0.0, 0, 1, 1], [0, 1, 1, 0, 1, 0, -1, 0, 0, 0, 0, 0.0, 0, 1, 1], [0, 1, 1, 0, 1, 0, -1, 0, 0, 0, 0, 0.0, 0, 1, 1], [0, 1, 1, 0, 1, 0, -1, 0, 0, 0, 0, 0.0, 0, 1, 1], [0, 1, 1, 0, 1, 0, -1, 0, 0, 0, 0, 0.0, 0, 1, 1], [0, 1, 1, 1, 0, 1, 0, 0, 0, 0, 0, 0.0, 0, 1, 1], [0, 1, 1, 1, 0, 1, 0, 0, 0, 0, 0, 0.0, 0, 1, 1], [0, 1, 1, 1, 0, 1, 0, 0, 0, 0, 0, 0.0, 0, 1, 1], [0, 1, 1, 0, 1, 0, -1, 0, 0, 0, 0, 0.0, 0, 0, 0], [0, 1, 1, 0, 1, 0, -1, 0, 0, 0, 0, 0.0, 0, 0, 0], [0, 1, 1, 0, 1, 0, -1, 0, 0, 0, 0, 0.0, 0, 1, 1], [0, 1, 1, 0, 1, 0, -1, 0, 0, 0, 0, 0.0, 0, 1, 1], [0, 1, 1, 0, 1, 0, -1, 0, 0, 0, 0, 0.0, 0, 0, 0], [0, 1, 1, 0, 1, 0, -1, 0, 0, 0, 0, 0.0, 0, 0, 0], [0, 1, 1, 1, 0, 1, 0, 0, 0, 0, 0, 0.0, 0, 1, 1], [0, 1, 1, 1, 0, 1, 0, 0, 0, 0, 0, 0.0, 0, 1, 1], [0, 1, 1, 1, 0, 1, 0, 0, 0, 0, 0, 0.0, 0, 1, 1], [0, 1, 1, 1, 0, 1, 0, 0, 0, 0, 0, 0.0, 0, 1, 1], [0, 1, 1, 0, 1, 0, -1, 0, 0, 0, 0, 0.0, 0, 1, 1], [0, 1, 1, 0, 1, 0, -1, 0, 0, 0, 0, 0.0, 0, 1, 1], [0, 1, 1, 0, 1, 0, -1, 0, 0, 0, 0, 0.0, 0, 1, 1], [0, 1, 1, 0, 1, 0, -1, 0, 0, 0, 0, 0.0, 0, 1, 1], [0, 1, 1, 0, 0, 1, 0, 0, 0, 0, 0, 0.06666666666666667, 30, 0, 0], [0, 1, 1, 0, 0, 1, 0, 0, 0, 0, 0, 0.06666666666666667, 30, 0, 0], [0, 1, 1, 0, 1, 0, -1, 0, 0, 0, 0, 0.0, 0, 0, 0], [0, 1, 1, 0, 1, 0, -1, 0, 0, 0, 0, 0.0, 0, 0, 0], [0, 1, 1, 1, 0, 1, 0, 0, 0, 0, 0, 0.0, 0, 1, 1], [0, 1, 1, 1, 0, 1, 0, 0, 0, 0, 0, 0.0, 0, 1, 1], [0, 1, 1, 1, 0, 1, 0, 0, 0, 0, 0, 0.0, 0, 1, 1], [0, 1, 1, 0, 1, 0, -1, 0, 0, 0, 0, 0.0, 0, 1, 1], [0, 1, 1, 0, 1, 0, -1, 0, 0, 0, 0, 0.0, 0, 1, 1], [0, 1, 1, 1, 0, 1, 0, 0, 0, 0, 0, 0.0, 0, 1, 1], [0, 1, 1, 1, 0, 1, 0, 0, 0, 0, 0, 0.0, 0, 1, 1], [0, 1, 1, 1, 0, 1, 0, 0, 0, 0, 0, 0.0, 0, 1, 1], [0, 1, 1, 0, 1, 0, -1, 0, 0, 0, 0, 0.0, 0, 1, 1], [0, 1, 1, 0, 1, 0, -1, 0, 0, 0, 0, 0.0, 0, 1, 1], [0, 1, 1, 0, 1, 0, -1, 0, 0, 0, 0, 0.0, 0, 1, 1], [0, 1, 1, 0, 1, 0, -1, 0, 0, 0, 0, 0.0, 0, 1, 1], [0, 1, 1, 0, 1, 0, -1, 0, 0, 0, 0, 0.0, 0, 0, 0], [0, 1, 1, 0, 1, 0, -1, 0, 0, 0, 0, 0.0, 0, 0, 0], [0, 1, 1, 0, 1, 0, -1, 0, 0, 0, 0, 0.0, 0, 0, 0], [0, 1, 1, 0, 1, 0, -1, 0, 0, 0, 0, 0.0, 0, 1, 1], [0, 1, 1, 0, 1, 0, -1, 0, 0, 0, 0, 0.0, 0, 1, 1], [0, 1, 1, 0, 1, 0, -1, 0, 0, 0, 0, 0.0, 0, 1, 1], [0, 1, 1, 0, 1, 0, -1, 0, 0, 0, 0, 0.0, 0, 1, 1], [0, 1, 1, 0, 1, 0, -1, 0, 0, 0, 0, 0.0, 0, 1, 1], [0, 1, 1, 0, 1, 0, -1, 0, 0, 0, 0, 0.0, 0, 1, 1], [0, 1, 1, 0, 1, 0, -1, 0, 0, 0, 0, 0.0, 0, 0, 0], [0, 1, 1, 0, 1, 0, -1, 0, 0, 0, 0, 0.0, 0, 0, 0], [0, 1, 1, 1, 0, 1, 0, 0, 0, 0, 0, 0.0, 0, 1, 1], [0, 1, 1, 1, 0, 1, 0, 0, 0, 0, 0, 0.0, 0, 1, 1], [0, 1, 1, 1, 0, 1, 0, 0, 0, 0, 0, 0.0, 0, 1, 1], [0, 1, 1, 1, 0, 1, 0, 0, 0, 0, 0, 0.0, 0, 1, 1], [0, 1, 1, 0, 1, 0, -1, 0, 0, 0, 0, 0.0, 0, 1, 1], [0, 1, 1, 0, 1, 0, -1, 0, 0, 0, 0, 0.0, 0, 1, 1], [0, 1, 1, 0, 0, 1, 0, 0, 0, 0, 0, 1.0, 2, 1, 1], [0, 1, 1, 0, 0, 1, 0, 0, 0, 0, 0, 1.0, 2, 1, 1], [0, 1, 1, 0, 1, 0, -1, 0, 0, 0, 0, 0.0, 0, 0, 0], [0, 1, 1, 0, 1, 0, -1, 0, 0, 0, 0, 0.0, 0, 0, 0], [0, 1, 1, 1, 0, 1, 0, 0, 0, 0, 0, 0.0, 0, 1, 1], [0, 1, 1, 1, 0, 1, 0, 0, 0, 0, 0, 0.0, 0, 1, 1], [0, 1, 1, 1, 0, 1, 0, 0, 0, 0, 0, 0.0, 0, 1, 1], [0, 1, 1, 0, 1, 0, -1, 0, 0, 0, 0, 0.0, 0, 1, 1], [0, 1, 1, 0, 1, 0, -1, 0, 0, 0, 0, 0.0, 0, 1, 1], [0, 1, 1, 0, 1, 0, -1, 0, 0, 0, 0, 0.0, 0, 1, 1], [0, 1, 1, 0, 1, 0, -1, 0, 0, 0, 0, 0.0, 0, 1, 1], [0, 1, 1, 1, 0, 1, 0, 0, 0, 0, 0, 0.0, 0, 1, 1], [0, 1, 1, 1, 0, 1, 0, 0, 0, 0, 0, 0.0, 0, 1, 1], [0, 1, 1, 0, 1, 0, -1, 0, 0, 0, 0, 0.0, 0, 0, 0], [0, 1, 1, 0, 1, 0, -1, 0, 0, 0, 0, 0.0, 0, 0, 0], [0, 1, 1, 0, 1, 0, -1, 0, 0, 0, 0, 0.0, 0, 0, 0], [0, 1, 1, 0, 1, 0, -1, 0, 0, 0, 0, 0.0, 0, 0, 0], [0, 1, 1, 1, 0, 1, 0, 0, 0, 0, 0, 0.0, 0, 1, 1], [0, 1, 1, 1, 0, 1, 0, 0, 0, 0, 0, 0.0, 0, 1, 1], [0, 1, 1, 1, 0, 1, 0, 0, 0, 0, 0, 0.0, 0, 1, 1], [0, 1, 1, 1, 0, 1, 0, 0, 0, 0, 0, 0.0, 0, 1, 1], [0, 1, 1, 1, 0, 1, 0, 0, 0, 0, 0, 0.0, 0, 1, 1], [0, 1, 1, 1, 0, 1, 0, 0, 0, 0, 0, 0.0, 0, 1, 1], [0, 1, 1, 1, 0, 1, 0, 0, 0, 0, 0, 0.0, 0, 1, 1], [0, 1, 1, 1, 0, 1, 0, 0, 0, 0, 0, 0.0, 0, 1, 1], [0, 1, 1, 1, 0, 1, 0, 0, 0, 0, 0, 0.0, 0, 1, 1], [0, 1, 1, 1, 0, 1, 0, 0, 0, 0, 0, 0.0, 0, 1, 1], [0, 1, 1, 1, 0, 1, 0, 0, 0, 0, 0, 0.0, 0, 1, 1], [0, 1, 1, 1, 0, 1, 0, 0, 0, 0, 0, 0.0, 0, 1, 1], [0, 1, 1, 1, 0, 1, 0, 0, 0, 0, 0, 0.0, 0, 1, 1], [0, 1, 1, 1, 0, 1, 0, 0, 0, 0, 0, 0.0, 0, 1, 1], [0, 1, 1, 1, 0, 1, 0, 0, 0, 0, 0, 0.0, 0, 1, 1], [0, 1, 1, 1, 0, 1, 0, 0, 0, 0, 0, 0.0, 0, 1, 1], [0, 1, 1, 1, 0, 1, 0, 0, 0, 0, 0, 0.0, 0, 1, 1], [0, 1, 1, 0, 1, 0, -1, 0, 0, 0, 0, 0.0, 0, 1, 1], [0, 1, 1, 0, 1, 0, -1, 0, 0, 0, 0, 0.0, 0, 1, 1], [0, 1, 1, 0, 1, 0, -1, 0, 0, 0, 0, 0.0, 0, 1, 1], [0, 1, 1, 0, 1, 0, -1, 0, 0, 0, 0, 0.0, 0, 1, 1], [0, 1, 1, 0, 1, 0, -1, 0, 0, 0, 0, 0.0, 0, 1, 1], [0, 1, 1, 0, 1, 0, -1, 0, 0, 0, 0, 0.0, 0, 1, 1], [0, 1, 1, 0, 1, 0, -1, 0, 0, 0, 0, 0.0, 0, 0, 0], [0, 1, 1, 0, 1, 0, -1, 0, 0, 0, 0, 0.0, 0, 0, 0], [0, 1, 1, 0, 1, 0, -1, 0, 0, 0, 0, 0.0, 0, 0, 0], [0, 1, 1, 0, 1, 0, -1, 0, 0, 0, 0, 0.0, 0, 0, 0], [0, 1, 1, 0, 1, 0, -1, 0, 0, 0, 0, 0.0, 0, 1, 1], [0, 1, 1, 0, 1, 0, -1, 0, 0, 0, 0, 0.0, 0, 1, 1], [0, 1, 1, 1, 0, 1, 0, 0, 0, 0, 0, 0.0, 0, 1, 1], [0, 1, 1, 1, 0, 1, 0, 0, 0, 0, 0, 0.0, 0, 1, 1], [0, 1, 1, 1, 0, 1, 0, 0, 0, 0, 0, 0.0, 0, 1, 1], [0, 1, 1, 1, 0, 1, 0, 0, 0, 0, 0, 0.0, 0, 1, 1], [0, 1, 1, 1, 0, 1, 0, 0, 0, 0, 0, 0.0, 0, 1, 1], [0, 1, 1, 1, 0, 1, 0, 0, 0, 0, 0, 0.0, 0, 1, 1], [0, 1, 1, 1, 0, 1, 0, 0, 0, 0, 0, 0.0, 0, 1, 1], [0, 1, 1, 1, 0, 1, 0, 0, 0, 0, 0, 0.0, 0, 1, 1], [0, 1, 1, 1, 0, 1, 0, 0, 0, 0, 0, 0.0, 0, 1, 1], [0, 1, 1, 1, 0, 1, 0, 0, 0, 0, 0, 0.0, 0, 1, 1], [0, 1, 1, 1, 0, 1, 0, 0, 0, 0, 0, 0.0, 0, 1, 1], [0, 1, 1, 1, 0, 1, 0, 0, 0, 0, 0, 0.0, 0, 1, 1], [0, 1, 1, 1, 0, 1, 0, 0, 0, 0, 0, 0.0, 0, 1, 1], [0, 1, 1, 1, 0, 1, 0, 0, 0, 0, 0, 0.0, 0, 1, 1], [0, 1, 1, 1, 0, 1, 0, 0, 0, 0, 0, 0.0, 0, 1, 1], [0, 1, 1, 1, 0, 1, 0, 0, 0, 0, 0, 0.0, 0, 1, 1], [0, 1, 1, 0, 1, 0, -1, 0, 0, 0, 0, 0.0, 0, 0, 0], [0, 1, 1, 0, 1, 0, -1, 0, 0, 0, 0, 0.0, 0, 0, 0], [0, 1, 1, 0, 1, 0, -1, 0, 0, 0, 0, 0.0, 0, 0, 0], [0, 1, 1, 1, 0, 1, 0, 0, 0, 0, 0, 0.0, 0, 1, 1], [0, 1, 1, 1, 0, 1, 0, 0, 0, 0, 0, 0.0, 0, 1, 1], [0, 1, 1, 1, 0, 1, 0, 0, 0, 0, 0, 0.0, 0, 1, 1], [0, 1, 1, 0, 1, 0, -1, 0, 0, 0, 0, 0.0, 0, 0, 0], [0, 1, 1, 0, 1, 0, -1, 0, 0, 0, 0, 0.0, 0, 0, 0], [0, 1, 1, 0, 1, 0, -1, 0, 0, 0, 0, 0.0, 0, 0, 0], [0, 1, 1, 0, 1, 0, -1, 0, 0, 0, 0, 0.0, 0, 0, 0], [0, 1, 1, 0, 1, 0, -1, 0, 0, 0, 0, 0.0, 0, 0, 0], [0, 1, 1, 0, 0, 1, 0, 0, 0, 0, 0, 1.0, 2, 1, 1], [0, 1, 1, 0, 0, 1, 0, 0, 0, 0, 0, 1.0, 2, 1, 1], [0, 1, 1, 1, 0, 1, 0, 0, 0, 0, 0, 0.0, 0, 1, 1], [0, 1, 1, 1, 0, 1, 0, 0, 0, 0, 0, 0.0, 0, 1, 1], [0, 1, 1, 1, 0, 1, 0, 0, 0, 0, 0, 0.0, 0, 1, 1], [0, 1, 1, 0, 1, 0, -1, 0, 0, 0, 0, 0.0, 0, 0, 0], [0, 1, 1, 0, 1, 0, -1, 0, 0, 0, 0, 0.0, 0, 0, 0], [0, 1, 1, 0, 1, 0, -1, 0, 0, 0, 0, 0.0, 0, 0, 0], [0, 1, 1, 0, 1, 0, -1, 0, 0, 0, 0, 0.0, 0, 0, 0], [0, 1, 1, 0, 1, 0, -1, 0, 0, 0, 0, 0.0, 0, 0, 0], [0, 1, 1, 0, 1, 0, -1, 0, 0, 0, 0, 0.0, 0, 0, 0], [0, 1, 1, 0, 1, 0, -1, 0, 0, 0, 0, 0.0, 0, 0, 0], [0, 1, 1, 0, 1, 0, -1, 0, 0, 0, 0, 0.0, 0, 0, 0], [0, 1, 1, 0, 1, 0, -1, 0, 0, 0, 0, 0.0, 0, 1, 1], [0, 1, 1, 0, 1, 0, -1, 0, 0, 0, 0, 0.0, 0, 1, 1], [0, 1, 1, 0, 1, 0, -1, 0, 0, 0, 0, 0.0, 0, 1, 1], [0, 1, 1, 0, 1, 0, -1, 0, 0, 0, 0, 0.0, 0, 1, 1], [0, 1, 1, 0, 1, 0, -1, 0, 0, 0, 0, 0.0, 0, 1, 1], [0, 1, 1, 0, 1, 0, -1, 0, 0, 0, 0, 0.0, 0, 1, 1], [0, 1, 1, 0, 1, 0, -1, 0, 0, 0, 0, 0.0, 0, 1, 1], [0, 1, 1, 0, 1, 0, -1, 0, 0, 0, 0, 0.0, 0, 1, 1], [0, 1, 1, 1, 0, 1, 0, 0, 0, 0, 0, 0.0, 0, 1, 1], [0, 1, 1, 1, 0, 1, 0, 0, 0, 0, 0, 0.0, 0, 1, 1], [0, 1, 1, 0, 1, 0, -1, 0, 0, 0, 0, 0.0, 0, 1, 1], [0, 1, 1, 0, 1, 0, -1, 0, 0, 0, 0, 0.0, 0, 1, 1], [0, 1, 1, 1, 0, 1, 0, 0, 0, 0, 0, 0.0, 0, 1, 1], [0, 1, 1, 1, 0, 1, 0, 0, 0, 0, 0, 0.0, 0, 1, 1], [0, 1, 1, 1, 0, 1, 0, 0, 0, 0, 0, 0.0, 0, 1, 1], [0, 1, 1, 0, 1, 0, -1, 0, 0, 0, 0, 0.0, 0, 0, 0], [0, 1, 1, 0, 1, 0, -1, 0, 0, 0, 0, 0.0, 0, 0, 0], [0, 1, 1, 0, 1, 0, -1, 0, 0, 0, 0, 0.0, 0, 0, 0], [0, 1, 1, 1, 0, 1, 0, 0, 0, 0, 0, 0.0, 0, 1, 1], [0, 1, 1, 1, 0, 1, 0, 0, 0, 0, 0, 0.0, 0, 1, 1], [0, 1, 1, 1, 0, 1, 0, 0, 0, 0, 0, 0.0, 0, 1, 1], [0, 1, 1, 1, 0, 1, 0, 0, 0, 0, 0, 0.0, 0, 1, 1], [0, 1, 1, 0, 1, 0, -1, 0, 0, 0, 0, 0.0, 0, 1, 1], [0, 1, 1, 0, 1, 0, -1, 0, 0, 0, 0, 0.0, 0, 1, 1], [0, 1, 1, 1, 0, 1, 0, 0, 0, 0, 0, 0.0, 0, 1, 1], [0, 1, 1, 1, 0, 1, 0, 0, 0, 0, 0, 0.0, 0, 1, 1], [0, 1, 1, 1, 0, 1, 0, 0, 0, 0, 0, 0.0, 0, 1, 1], [0, 1, 1, 0, 1, 0, -1, 0, 0, 0, 0, 0.0, 0, 0, 0], [0, 1, 1, 0, 1, 0, -1, 0, 0, 0, 0, 0.0, 0, 0, 0], [0, 1, 1, 0, 1, 0, -1, 0, 0, 0, 0, 0.0, 0, 0, 0], [0, 0, 1, 1, 0, 1, 0, 0, 0, 0, 0, 0.0, 0, 0, 0], [0, 1, 2, 0, 0, 0, -1, 0, 0, 0, 0, 0.0, 0, 1, 1], [0, 1, 2, 0, 0, 0, -1, 0, 0, 0, 0, 0.0, 0, 1, 1], [0, 0, 2, 0, 0, 0, -1, 0, 0, 0, 0, 0.0, 0, 0, 0], [0, 1, 3, 0, 0, 0, -1, 0, 0, 0, 0, 0.0, 0, 0, 0], [0, 1, 3, 0, 0, 0, -1, 0, 0, 0, 0, 0.0, 0, 0, 0], [0, 0, 2, 0, 0, 0, -1, 0, 0, 0, 0, 0.0, 0, 0, 0], [1, 0, 1, 0, 1, 1, 0, 1, 1, 1, 1, 1.0, 2, 1, 0], [1, 1, 2, 0, 0, 0, -1, 1, 0, 1, 1, 0.0, 0, 1, 1], [1, 1, 2, 0, 0, 0, -1, 1, 0, 1, 1, 0.0, 0, 1, 1], [0, 0, 6, 0, 0, 0, -1, 0, 0, 0, 0, 0.0, 0, 0, 0], [0, 0, 6, 0, 0, 0, -1, 0, 0, 0, 0, 0.0, 0, 0, 0], [0, 1, 6, 0, 0, 0, -1, 0, 0, 0, 1, 0.0, 0, 1, 0], [0, 1, 6, 0, 0, 0, -1, 0, 0, 0, 1, 0.0, 0, 1, 0], [0, 0, 6, 0, 0, 0, -1, 0, 0, 0, 0, 0.0, 0, 0, 0], [0, 0, 6, 0, 0, 0, -1, 0, 0, 0, 0, 0.0, 0, 1, 0], [0, 0, 6, 0, 0, 0, -1, 0, 0, 0, 0, 0.0, 0, 0, 0], [0, 0, 6, 0, 0, 0, -1, 0, 0, 0, 0, 0.0, 0, 0, 0], [0, 0, 6, 0, 0, 0, -1, 0, 0, 0, 0, 0.0, 0, 0, 0], [0, 1, 2, 0, 1, 0, -1, 0, 0, 0, 0, 0.0, 0, 1, 1], [0, 1, 2, 0, 1, 0, -1, 0, 0, 0, 0, 0.0, 0, 1, 1], [0, 0, 1, 1, 0, 1, 0, 0, 0, 0, 0, 0.0, 0, 0, 0], [0, 0, 6, 0, 0, 0, -1, 0, 0, 0, 0, 0.0, 0, 0, 0], [0, 0, 6, 0, 0, 0, -1, 0, 0, 0, 0, 0.0, 0, 0, 0], [0, 0, 6, 0, 0, 0, -1, 0, 0, 0, 0, 0.0, 0, 0, 0], [0, 0, 6, 0, 0, 0, -1, 0, 0, 0, 0, 0.0, 0, 0, 0], [0, 0, 6, 0, 0, 0, -1, 0, 0, 0, 0, 0.0, 0, 0, 0], [0, 1, 6, 0, 0, 0, -1, 0, 0, 0, 0, 0.0, 0, 1, 0], [0, 1, 6, 0, 0, 0, -1, 0, 0, 0, 0, 0.0, 0, 1, 0], [0, 0, 6, 0, 0, 0, -1, 0, 0, 0, 0, 0.0, 0, 0, 0], [0, 0, 6, 0, 0, 0, -1, 0, 0, 0, 0, 0.0, 0, 0, 0], [0, 0, 6, 0, 0, 0, -1, 0, 0, 0, 0, 0.0, 0, 0, 0], [0, 0, 6, 0, 0, 0, -1, 0, 0, 0, 0, 0.0, 0, 0, 0], [0, 1, 6, 0, 0, 0, -1, 0, 0, 0, 0, 0.0, 0, 0, 0], [0, 0, 6, 0, 0, 0, -1, 0, 0, 0, 0, 0.0, 0, 0, 0], [0, 1, 6, 0, 0, 0, -1, 0, 0, 0, 0, 0.0, 0, 0, 0], [0, 0, 6, 0, 0, 0, -1, 0, 0, 0, 0, 0.0, 0, 0, 0], [0, 0, 6, 0, 0, 0, -1, 0, 0, 0, 0, 0.0, 0, 0, 0], [0, 0, 6, 0, 0, 0, -1, 0, 0, 0, 0, 0.0, 0, 0, 0], [0, 0, 6, 0, 0, 0, -1, 0, 0, 0, 0, 0.0, 0, 0, 0], [0, 0, 1, 0, 0, 0, -1, 0, 0, 0, 0, 0.0, 0, 0, 0], [0, 1, 2, 0, 0, 0, -1, 0, 0, 0, 0, 0.0, 0, 0, 0], [0, 1, 2, 0, 0, 0, -1, 0, 0, 0, 0, 0.0, 0, 0, 0], [0, 1, 2, 1, 0, 1, 0, 0, 0, 0, 1, 0.0, 0, 1, 1], [0, 1, 2, 1, 0, 1, 0, 0, 0, 0, 1, 0.0, 0, 1, 1], [0, 1, 2, 1, 0, 1, 0, 0, 0, 0, 1, 0.0, 0, 1, 1], [0, 1, 2, 1, 0, 1, 0, 0, 0, 0, 0, 0.0, 0, 1, 0], [0, 1, 2, 1, 0, 1, 0, 0, 0, 0, 0, 0.0, 0, 1, 0], [0, 1, 2, 1, 0, 1, 0, 0, 0, 0, 1, 0.0, 0, 1, 1], [0, 0, 1, 0, 0, 0, -1, 0, 0, 0, 0, 0.0, 0, 0, 0], [0, 0, 1, 0, 0, 1, 0, 0, 0, 0, 0, 0.06666666666666667, 30, 0, 0], [0, 0, 1, 0, 0, 0, -1, 0, 0, 0, 0, 0.0, 0, 0, 0], [0, 0, 1, 0, 0, 0, -1, 0, 0, 0, 0, 0.0, 0, 0, 0], [0, 0, 1, 1, 0, 1, 0, 0, 0, 0, 0, 0.0, 0, 0, 0], [0, 0, 1, 0, 0, 0, -1, 0, 0, 0, 0, 0.0, 0, 0, 0], [0, 0, 1, 1, 0, 1, 0, 0, 0, 0, 0, 0.0, 0, 0, 0], [0, 0, 1, 0, 0, 0, -1, 0, 0, 0, 0, 0.0, 0, 0, 0], [0, 0, 1, 0, 0, 0, -1, 0, 0, 0, 0, 0.0, 0, 0, 0], [0, 0, 1, 0, 0, 0, -1, 0, 0, 0, 0, 0.0, 0, 0, 0], [0, 0, 1, 0, 0, 0, -1, 0, 0, 0, 0, 0.0, 0, 0, 0], [0, 0, 1, 0, 0, 0, -1, 0, 0, 0, 0, 0.0, 0, 0, 0], [0, 0, 1, 1, 0, 1, 0, 0, 0, 0, 0, 0.0, 0, 0, 0], [0, 0, 1, 0, 0, 0, -1, 0, 0, 0, 0, 0.0, 0, 0, 0], [0, 0, 1, 0, 0, 0, -1, 0, 0, 0, 0, 0.0, 0, 0, 0], [0, 0, 1, 1, 0, 1, 0, 0, 0, 0, 0, 0.0, 0, 0, 0], [0, 0, 1, 0, 0, 0, -1, 0, 0, 0, 0, 0.0, 0, 0, 0], [0, 0, 1, 1, 0, 1, 0, 0, 0, 0, 0, 0.0, 0, 0, 0], [0, 0, 1, 1, 0, 1, 0, 0, 0, 0, 0, 0.0, 0, 0, 0], [0, 0, 1, 0, 0, 0, -1, 0, 0, 0, 0, 0.0, 0, 0, 0], [0, 0, 1, 0, 0, 0, -1, 0, 0, 0, 0, 0.0, 0, 0, 0], [0, 0, 1, 0, 0, 0, -1, 0, 0, 0, 0, 0.0, 0, 0, 0], [0, 0, 1, 0, 0, 0, -1, 0, 0, 0, 0, 0.0, 0, 0, 0], [0, 0, 1, 1, 0, 1, 0, 0, 0, 0, 0, 0.0, 0, 0, 0], [0, 0, 1, 0, 0, 0, -1, 0, 0, 0, 0, 0.0, 0, 0, 0], [0, 0, 1, 1, 0, 1, 0, 0, 0, 0, 0, 0.0, 0, 0, 0], [0, 0, 1, 0, 0, 0, -1, 0, 0, 0, 0, 0.0, 0, 0, 0], [0, 0, 1, 0, 0, 0, -1, 0, 0, 0, 0, 0.0, 0, 0, 0], [0, 0, 1, 1, 0, 1, 0, 0, 0, 0, 0, 0.0, 0, 0, 0], [0, 0, 1, 0, 0, 0, -1, 0, 0, 0, 0, 0.0, 0, 0, 0], [0, 0, 1, 1, 0, 1, 0, 0, 0, 0, 0, 0.0, 0, 0, 0], [0, 0, 1, 0, 0, 0, -1, 0, 0, 0, 0, 0.0, 0, 0, 0], [0, 0, 5, 0, 0, 0, -1, 0, 0, 0, 0, 0.0, 0, 0, 0], [0, 0, 5, 0, 0, 0, -1, 0, 0, 0, 0, 0.0, 0, 0, 0], [0, 0, 5, 0, 0, 0, -1, 0, 0, 0, 0, 0.0, 0, 0, 0], [0, 0, 5, 0, 0, 0, -1, 0, 0, 0, 0, 0.0, 0, 0, 0], [0, 0, 5, 0, 0, 0, -1, 0, 0, 0, 0, 0.0, 0, 0, 0], [0, 0, 5, 0, 0, 0, -1, 0, 0, 0, 0, 0.0, 0, 0, 0], [0, 0, 5, 0, 0, 0, -1, 0, 0, 0, 0, 0.0, 0, 0, 0], [0, 0, 5, 0, 0, 0, -1, 0, 0, 0, 0, 0.0, 0, 0, 0], [0, 0, 5, 0, 0, 0, -1, 0, 0, 0, 0, 0.0, 0, 0, 0], [0, 0, 5, 0, 0, 0, -1, 0, 0, 0, 0, 0.0, 0, 0, 0], [0, 0, 5, 0, 0, 0, -1, 0, 0, 0, 0, 0.0, 0, 0, 0], [0, 0, 5, 0, 0, 0, -1, 0, 0, 0, 0, 0.0, 0, 0, 0], [0, 0, 1, 0, 0, 0, -1, 0, 0, 0, 0, 0.0, 0, 0, 0], [0, 0, 1, 0, 0, 0, -1, 0, 0, 0, 0, 0.0, 0, 0, 0], [0, 0, 4, 0, 0, 0, -1, 0, 0, 0, 0, 0.0, 0, 0, 0], [0, 0, 4, 0, 0, 0, -1, 0, 0, 0, 0, 0.0, 0, 0, 0], [0, 0, 4, 0, 0, 0, -1, 0, 0, 0, 0, 0.0, 0, 0, 0], [0, 0, 4, 0, 0, 0, -1, 0, 0, 0, 0, 0.0, 0, 0, 0], [0, 0, 4, 0, 0, 0, -1, 0, 0, 0, 0, 0.0, 0, 0, 0], [0, 0, 1, 0, 0, 0, -1, 0, 0, 0, 0, 0.0, 0, 0, 0], [0, 0, 1, 0, 0, 0, -1, 0, 0, 0, 0, 0.0, 0, 0, 0], [0, 0, 1, 1, 0, 1, 0, 0, 0, 0, 0, 0.0, 0, 0, 0], [0, 0, 1, 1, 0, 1, 0, 0, 0, 0, 0, 0.0, 0, 0, 0], [0, 0, 4, 0, 0, 0, -1, 0, 0, 0, 0, 0.0, 0, 0, 0], [0, 0, 4, 0, 0, 0, -1, 0, 0, 0, 0, 0.0, 0, 0, 0], [0, 0, 4, 0, 0, 0, -1, 0, 0, 0, 0, 0.0, 0, 0, 0], [0, 0, 4, 0, 0, 0, -1, 0, 0, 0, 0, 0.0, 0, 0, 0], [0, 0, 4, 0, 0, 0, -1, 0, 0, 0, 0, 0.0, 0, 0, 0], [0, 0, 1, 0, 0, 1, 0, 0, 0, 0, 0, 0.14285714285714285, 7, 0, 0], [0, 0, 1, 0, 0, 0, -1, 0, 0, 0, 0, 0.0, 0, 0, 0], [0, 0, 1, 0, 0, 0, -1, 0, 0, 0, 0, 0.0, 0, 0, 0], [0, 0, 1, 0, 0, 0, -1, 0, 0, 0, 0, 0.0, 0, 0, 0], [0, 0, 1, 0, 0, 0, -1, 0, 0, 0, 0, 0.0, 0, 0, 0], [0, 0, 1, 0, 0, 0, -1, 0, 0, 0, 0, 0.0, 0, 0, 0], [0, 0, 4, 0, 0, 0, -1, 0, 0, 0, 0, 0.0, 0, 0, 0], [0, 0, 4, 0, 0, 0, -1, 0, 0, 0, 0, 0.0, 0, 0, 0], [0, 0, 4, 0, 0, 0, -1, 0, 0, 0, 0, 0.0, 0, 0, 0], [0, 0, 4, 0, 0, 0, -1, 0, 0, 0, 0, 0.0, 0, 0, 0], [0, 0, 4, 0, 0, 0, -1, 0, 0, 0, 0, 0.0, 0, 0, 0], [0, 0, 1, 1, 0, 1, 0, 0, 0, 0, 0, 0.0, 0, 0, 0], [0, 0, 1, 0, 0, 0, -1, 0, 0, 0, 0, 0.0, 0, 0, 0], [0, 0, 1, 0, 0, 0, -1, 0, 0, 0, 0, 0.0, 0, 0, 0], [0, 0, 1, 0, 0, 0, -1, 0, 0, 0, 0, 0.0, 0, 0, 0], [0, 0, 1, 0, 0, 0, -1, 0, 0, 0, 0, 0.0, 0, 0, 0], [0, 0, 1, 1, 0, 1, 0, 0, 0, 0, 0, 0.0, 0, 0, 0], [0, 0, 2, 1, 0, 1, 0, 0, 0, 0, 0, 0.0, 0, 0, 0], [0, 0, 2, 0, 0, 0, -1, 0, 0, 0, 0, 0.0, 0, 0, 0], [0, 0, 2, 0, 0, 0, -1, 0, 0, 0, 0, 0.0, 0, 0, 0], [0, 0, 1, 0, 0, 0, -1, 0, 0, 0, 0, 0.0, 0, 0, 0], [0, 0, 1, 1, 0, 1, 0, 0, 0, 0, 0, 0.0, 0, 0, 0], [0, 0, 1, 0, 0, 0, -1, 0, 0, 0, 0, 0.0, 0, 0, 0], [0, 0, 1, 1, 0, 1, 0, 0, 0, 0, 0, 0.0, 0, 0, 0], [0, 0, 4, 0, 0, 0, -1, 0, 0, 0, 0, 0.0, 0, 0, 0], [0, 0, 4, 0, 0, 0, -1, 0, 0, 0, 0, 0.0, 0, 0, 0], [0, 0, 4, 0, 0, 0, -1, 0, 0, 0, 0, 0.0, 0, 0, 0], [0, 0, 4, 0, 0, 0, -1, 0, 0, 0, 0, 0.0, 0, 0, 0], [0, 0, 4, 0, 0, 0, -1, 0, 0, 0, 0, 0.0, 0, 0, 0], [0, 0, 2, 0, 0, 0, -1, 0, 0, 0, 0, 0.0, 0, 0, 0], [0, 0, 2, 0, 0, 0, -1, 0, 0, 0, 0, 0.0, 0, 0, 0], [0, 0, 2, 0, 0, 0, -1, 0, 0, 0, 0, 0.0, 0, 0, 0], [0, 0, 1, 1, 0, 1, 0, 0, 0, 0, 0, 0.0, 0, 0, 0], [0, 0, 1, 1, 0, 1, 0, 0, 0, 0, 0, 0.0, 0, 0, 0], [0, 0, 1, 0, 0, 0, -1, 0, 0, 0, 0, 0.0, 0, 0, 0], [0, 0, 1, 0, 0, 0, -1, 0, 0, 0, 0, 0.0, 0, 0, 0], [0, 0, 2, 0, 0, 0, -1, 0, 0, 0, 0, 0.0, 0, 0, 0], [0, 0, 2, 0, 0, 0, -1, 0, 0, 0, 0, 0.0, 0, 0, 0], [0, 0, 2, 0, 0, 0, -1, 0, 0, 0, 0, 0.0, 0, 0, 0], [0, 0, 1, 1, 0, 1, 0, 0, 0, 0, 0, 0.0, 0, 0, 0], [0, 0, 1, 0, 0, 0, -1, 0, 0, 0, 0, 0.0, 0, 0, 0], [0, 0, 1, 1, 0, 1, 0, 0, 0, 0, 0, 0.0, 0, 0, 0], [0, 0, 1, 1, 0, 1, 0, 0, 0, 0, 0, 0.0, 0, 0, 0], [0, 0, 2, 0, 0, 0, -1, 0, 0, 0, 0, 0.0, 0, 0, 0], [0, 0, 2, 0, 0, 0, -1, 0, 0, 0, 0, 0.0, 0, 0, 0], [0, 0, 2, 0, 0, 0, -1, 0, 0, 0, 0, 0.0, 0, 0, 0], [0, 0, 3, 0, 0, 0, -1, 0, 0, 0, 0, 0.0, 0, 0, 0], [0, 0, 3, 0, 0, 0, -1, 0, 0, 0, 0, 0.0, 0, 0, 0], [0, 0, 3, 0, 0, 0, -1, 0, 0, 0, 0, 0.0, 0, 0, 0], [0, 0, 3, 0, 0, 0, -1, 0, 0, 0, 0, 0.0, 0, 0, 0], [0, 0, 1, 0, 0, 1, 0, 0, 0, 0, 0, 0.25, 4, 0, 0], [0, 0, 1, 0, 0, 0, -1, 0, 0, 0, 0, 0.0, 0, 0, 0], [0, 0, 2, 1, 0, 1, 0, 0, 0, 0, 0, 0.0, 0, 0, 0], [0, 0, 2, 0, 0, 0, -1, 0, 0, 0, 0, 0.0, 0, 0, 0], [0, 0, 2, 0, 0, 0, -1, 0, 0, 0, 0, 0.0, 0, 0, 0], [0, 0, 1, 0, 0, 0, -1, 0, 0, 0, 0, 0.0, 0, 0, 0], [0, 0, 1, 1, 0, 1, 0, 0, 0, 0, 0, 0.0, 0, 0, 0], [0, 0, 1, 1, 0, 1, 0, 0, 0, 0, 0, 0.0, 0, 0, 0], [0, 0, 1, 1, 0, 1, 0, 0, 0, 0, 0, 0.0, 0, 0, 0], [0, 0, 1, 0, 0, 1, 0, 0, 0, 0, 0, 0.25, 4, 0, 0], [0, 0, 1, 1, 0, 1, 0, 0, 0, 0, 0, 0.0, 0, 0, 0], [0, 0, 2, 0, 0, 0, -1, 0, 0, 0, 0, 0.0, 0, 0, 0], [0, 0, 2, 0, 0, 0, -1, 0, 0, 0, 0, 0.0, 0, 0, 0], [0, 0, 2, 0, 0, 0, -1, 0, 0, 0, 0, 0.0, 0, 0, 0], [0, 0, 2, 0, 0, 1, 0, 0, 0, 0, 0, 0.14285714285714285, 7, 0, 0], [1, 0, 2, 1, 0, 1, 0, 1, 0, 1, 1, 0.0, 0, 0, 0], [0, 0, 2, 1, 0, 1, 0, 0, 0, 0, 1, 0.0, 0, 0, 0], [0, 0, 1, 0, 0, 0, -1, 0, 0, 0, 0, 0.0, 0, 0, 0], [0, 0, 1, 1, 0, 1, 0, 0, 0, 0, 0, 0.0, 0, 0, 0], [0, 0, 1, 0, 0, 1, 0, 0, 0, 0, 0, 0.14285714285714285, 7, 0, 0], [0, 0, 1, 0, 0, 0, -1, 0, 0, 0, 0, 0.0, 0, 0, 0], [0, 0, 1, 0, 0, 0, -1, 0, 0, 0, 0, 0.0, 0, 0, 0], [0, 0, 1, 0, 0, 0, -1, 0, 0, 0, 0, 0.0, 0, 0, 0], [0, 0, 6, 0, 0, 0, -1, 0, 0, 0, 0, 0.0, 0, 0, 0], [0, 0, 6, 0, 0, 0, -1, 0, 0, 0, 0, 0.0, 0, 0, 0], [0, 0, 6, 0, 0, 0, -1, 0, 0, 0, 0, 0.0, 0, 0, 0], [0, 0, 6, 0, 0, 0, -1, 0, 0, 0, 0, 0.0, 0, 0, 0], [0, 0, 6, 0, 0, 0, -1, 0, 0, 0, 0, 0.0, 0, 0, 0], [0, 0, 6, 0, 0, 0, -1, 0, 0, 0, 0, 0.0, 0, 0, 0], [0, 0, 6, 0, 0, 0, -1, 0, 0, 0, 0, 0.0, 0, 0, 0], [0, 0, 1, 0, 0, 0, -1, 0, 0, 0, 0, 0.0, 0, 0, 0], [0, 0, 1, 0, 0, 0, -1, 0, 0, 0, 0, 0.0, 0, 0, 0], [0, 0, 1, 0, 0, 0, -1, 0, 0, 0, 0, 0.0, 0, 0, 0], [0, 0, 1, 0, 0, 0, -1, 0, 0, 0, 0, 0.0, 0, 0, 0], [0, 0, 1, 0, 0, 0, -1, 0, 0, 0, 0, 0.0, 0, 0, 0], [0, 0, 1, 1, 0, 1, 0, 0, 0, 0, 0, 0.0, 0, 0, 0], [0, 0, 1, 1, 0, 1, 0, 0, 0, 0, 0, 0.0, 0, 0, 0], [0, 0, 1, 0, 0, 0, -1, 0, 0, 0, 0, 0.0, 0, 0, 0], [0, 0, 1, 0, 0, 0, -1, 0, 0, 0, 0, 0.0, 0, 0, 0], [0, 0, 1, 0, 0, 0, -1, 0, 0, 0, 0, 0.0, 0, 0, 0], [0, 0, 2, 0, 0, 0, -1, 0, 0, 0, 0, 0.0, 0, 0, 0], [0, 0, 2, 0, 0, 0, -1, 0, 0, 0, 0, 0.0, 0, 0, 0], [0, 0, 2, 0, 0, 0, -1, 0, 0, 0, 0, 0.0, 0, 0, 0], [0, 0, 6, 0, 0, 0, -1, 0, 0, 0, 0, 0.0, 0, 0, 0], [0, 0, 6, 0, 0, 0, -1, 0, 0, 0, 0, 0.0, 0, 0, 0], [0, 0, 6, 0, 0, 0, -1, 0, 0, 0, 0, 0.0, 0, 0, 0], [0, 0, 6, 0, 0, 0, -1, 0, 0, 0, 0, 0.0, 0, 0, 0], [0, 0, 6, 0, 0, 0, -1, 0, 0, 0, 0, 0.0, 0, 0, 0], [0, 0, 6, 0, 0, 0, -1, 0, 0, 0, 0, 0.0, 0, 0, 0], [0, 0, 6, 0, 0, 0, -1, 0, 0, 0, 0, 0.0, 0, 0, 0], [0, 0, 6, 0, 0, 0, -1, 0, 0, 0, 0, 0.0, 0, 0, 0], [0, 0, 6, 0, 0, 0, -1, 0, 0, 0, 0, 0.0, 0, 0, 0], [0, 0, 6, 0, 0, 0, -1, 0, 0, 0, 0, 0.0, 0, 0, 0], [0, 0, 2, 0, 0, 0, -1, 0, 0, 0, 0, 0.0, 0, 0, 0], [0, 0, 2, 0, 0, 0, -1, 0, 0, 0, 0, 0.0, 0, 0, 0], [0, 0, 2, 0, 0, 0, -1, 0, 0, 0, 0, 0.0, 0, 0, 0], [0, 0, 4, 0, 0, 0, -1, 0, 0, 0, 0, 0.0, 0, 0, 0], [0, 0, 4, 0, 0, 0, -1, 0, 0, 0, 0, 0.0, 0, 0, 0], [0, 0, 4, 0, 0, 0, -1, 0, 0, 0, 0, 0.0, 0, 0, 0], [0, 0, 4, 0, 0, 0, -1, 0, 0, 0, 0, 0.0, 0, 0, 0], [0, 0, 4, 0, 0, 0, -1, 0, 0, 0, 0, 0.0, 0, 0, 0], [0, 0, 1, 1, 0, 1, 0, 0, 0, 0, 0, 0.0, 0, 0, 0], [0, 0, 1, 1, 0, 1, 0, 0, 0, 0, 0, 0.0, 0, 0, 0], [0, 0, 1, 0, 0, 0, -1, 0, 0, 0, 0, 0.0, 0, 0, 0], [0, 0, 1, 0, 0, 1, 0, 0, 0, 0, 0, 0.14285714285714285, 7, 0, 0], [0, 0, 1, 0, 0, 0, -1, 0, 0, 0, 0, 0.0, 0, 0, 0], [0, 0, 1, 0, 0, 0, -1, 0, 0, 0, 0, 0.0, 0, 0, 0], [0, 0, 1, 0, 0, 0, -1, 0, 0, 0, 0, 0.0, 0, 0, 0], [0, 0, 1, 1, 0, 1, 0, 0, 0, 0, 0, 0.0, 0, 0, 0], [0, 0, 1, 0, 0, 0, -1, 0, 0, 0, 0, 0.0, 0, 0, 0], [0, 0, 1, 0, 0, 0, -1, 0, 0, 0, 0, 0.0, 0, 0, 0], [0, 0, 1, 1, 0, 1, 0, 0, 0, 0, 0, 0.0, 0, 0, 0], [0, 0, 1, 1, 0, 1, 0, 0, 0, 0, 0, 0.0, 0, 0, 0], [0, 0, 1, 1, 0, 1, 0, 0, 0, 0, 0, 0.0, 0, 0, 0], [0, 0, 1, 0, 0, 0, -1, 0, 0, 0, 0, 0.0, 0, 0, 0], [0, 0, 1, 0, 0, 1, 0, 0, 0, 0, 0, 0.14285714285714285, 7, 0, 0], [0, 0, 1, 0, 0, 1, 0, 0, 0, 0, 0, 1.0, 1, 0, 0], [0, 0, 1, 0, 0, 1, 0, 0, 0, 0, 0, 0.3333333333333333, 3, 0, 0], [0, 0, 1, 1, 0, 1, 0, 0, 0, 0, 0, 0.0, 0, 0, 0], [0, 1, 6, 0, 0, 0, -1, 0, 0, 0, 0, 0.0, 0, 0, 0], [0, 1, 6, 0, 0, 0, -1, 0, 0, 0, 0, 0.0, 0, 0, 0], [0, 0, 6, 0, 0, 0, -1, 0, 0, 0, 0, 0.0, 0, 0, 0], [0, 1, 6, 0, 0, 0, -1, 0, 0, 0, 0, 0.0, 0, 0, 0], [0, 1, 6, 0, 0, 0, -1, 0, 0, 0, 0, 0.0, 0, 0, 0], [0, 0, 6, 0, 0, 0, -1, 0, 0, 0, 0, 0.0, 0, 0, 0], [0, 0, 6, 0, 0, 0, -1, 0, 0, 0, 0, 0.0, 0, 0, 0], [0, 0, 6, 0, 0, 0, -1, 0, 0, 0, 0, 0.0, 0, 0, 0], [0, 1, 6, 0, 0, 0, -1, 0, 0, 0, 0, 0.0, 0, 0, 0], [0, 1, 6, 0, 0, 0, -1, 0, 0, 0, 0, 0.0, 0, 0, 0], [0, 0, 6, 0, 0, 0, -1, 0, 0, 0, 0, 0.0, 0, 0, 0], [0, 0, 1, 0, 0, 0, -1, 0, 0, 0, 0, 0.0, 0, 0, 0], [0, 0, 1, 0, 0, 0, -1, 0, 0, 0, 0, 0.0, 0, 0, 0], [0, 0, 1, 1, 0, 1, 0, 0, 0, 0, 0, 0.0, 0, 0, 0], [0, 0, 1, 1, 0, 1, 0, 0, 0, 0, 0, 0.0, 0, 0, 0], [0, 0, 6, 0, 0, 0, -1, 0, 0, 0, 0, 0.0, 0, 0, 0], [0, 0, 6, 0, 0, 0, -1, 0, 0, 0, 0, 0.0, 0, 0, 0], [0, 0, 6, 0, 0, 0, -1, 0, 0, 0, 0, 0.0, 0, 0, 0], [0, 0, 6, 0, 0, 0, -1, 0, 0, 0, 0, 0.0, 0, 0, 0], [0, 0, 6, 0, 0, 0, -1, 0, 0, 0, 0, 0.0, 0, 0, 0], [0, 0, 6, 0, 0, 0, -1, 0, 0, 0, 0, 0.0, 0, 0, 0], [0, 0, 6, 0, 0, 0, -1, 0, 0, 0, 0, 0.0, 0, 0, 0], [0, 0, 6, 0, 0, 0, -1, 0, 0, 0, 0, 0.0, 0, 0, 0], [0, 0, 6, 0, 0, 0, -1, 0, 0, 0, 0, 0.0, 0, 0, 0], [0, 0, 6, 0, 0, 0, -1, 0, 0, 0, 0, 0.0, 0, 0, 0], [0, 0, 6, 0, 0, 0, -1, 0, 0, 0, 0, 0.0, 0, 0, 0], [0, 0, 6, 0, 0, 0, -1, 0, 0, 0, 0, 0.0, 0, 0, 0], [0, 0, 1, 0, 0, 0, -1, 0, 0, 0, 0, 0.0, 0, 0, 0], [0, 0, 1, 0, 0, 0, -1, 0, 0, 0, 0, 0.0, 0, 0, 0], [0, 0, 3, 0, 0, 0, -1, 0, 0, 0, 0, 0.0, 0, 0, 0], [0, 0, 3, 0, 0, 0, -1, 0, 0, 0, 0, 0.0, 0, 0, 0], [0, 0, 3, 0, 0, 0, -1, 0, 0, 0, 0, 0.0, 0, 0, 0], [0, 0, 3, 0, 0, 0, -1, 0, 0, 0, 0, 0.0, 0, 0, 0], [0, 0, 2, 0, 0, 0, -1, 0, 0, 0, 0, 0.0, 0, 0, 0], [0, 0, 2, 0, 0, 0, -1, 0, 0, 0, 0, 0.0, 0, 0, 0], [0, 0, 2, 0, 0, 0, -1, 0, 0, 0, 0, 0.0, 0, 0, 0], [0, 0, 6, 0, 0, 0, -1, 0, 0, 0, 0, 0.0, 0, 0, 0], [1, 1, 6, 0, 0, 0, -1, 0, 1, 0, 1, 0.0, 0, 1, 0], [1, 0, 6, 0, 0, 0, -1, 0, 1, 1, 1, 0.0, 0, 1, 0], [0, 1, 6, 0, 0, 0, -1, 0, 0, 0, 0, 0.0, 0, 0, 0], [0, 1, 6, 0, 0, 0, -1, 0, 0, 0, 0, 0.0, 0, 1, 0], [0, 1, 6, 0, 0, 0, -1, 0, 0, 0, 0, 0.0, 0, 1, 0], [0, 1, 6, 0, 0, 0, -1, 0, 0, 0, 0, 0.0, 0, 0, 0], [0, 1, 6, 0, 0, 0, -1, 0, 0, 0, 0, 0.0, 0, 1, 0], [0, 1, 6, 0, 0, 0, -1, 0, 0, 0, 0, 0.0, 0, 1, 0], [0, 1, 6, 0, 0, 0, -1, 0, 0, 0, 0, 0.0, 0, 0, 0], [0, 1, 6, 0, 0, 0, -1, 0, 0, 0, 0, 0.0, 0, 1, 0], [0, 1, 6, 0, 0, 0, -1, 0, 0, 0, 0, 0.0, 0, 0, 0], [0, 0, 6, 0, 0, 0, -1, 0, 0, 0, 0, 0.0, 0, 0, 0], [0, 1, 6, 0, 0, 0, -1, 0, 0, 0, 0, 0.0, 0, 1, 0], [0, 1, 6, 0, 0, 0, -1, 0, 0, 0, 0, 0.0, 0, 1, 0], [0, 1, 6, 0, 0, 0, -1, 0, 0, 0, 0, 0.0, 0, 0, 0], [0, 0, 1, 0, 0, 1, 0, 0, 0, 0, 0, 0.5, 2, 0, 0], [0, 0, 1, 0, 0, 0, -1, 0, 0, 0, 0, 0.0, 0, 0, 0], [0, 0, 1, 0, 0, 0, -1, 0, 0, 0, 0, 0.0, 0, 0, 0], [0, 0, 1, 0, 0, 0, -1, 0, 0, 0, 0, 0.0, 0, 0, 0], [0, 0, 6, 0, 0, 0, -1, 0, 0, 0, 0, 0.0, 0, 0, 0], [0, 0, 6, 0, 0, 0, -1, 0, 0, 0, 0, 0.0, 0, 0, 0], [0, 0, 6, 0, 0, 0, -1, 0, 0, 0, 0, 0.0, 0, 0, 0], [0, 0, 6, 0, 0, 0, -1, 0, 0, 0, 0, 0.0, 0, 0, 0], [0, 0, 6, 0, 0, 0, -1, 0, 0, 0, 0, 0.0, 0, 0, 0], [0, 0, 6, 0, 0, 0, -1, 0, 0, 0, 0, 0.0, 0, 0, 0], [0, 0, 6, 0, 0, 0, -1, 0, 0, 0, 0, 0.0, 0, 0, 0], [0, 0, 6, 0, 0, 0, -1, 0, 0, 0, 0, 0.0, 0, 0, 0], [0, 0, 6, 0, 0, 0, -1, 0, 0, 0, 0, 0.0, 0, 1, 0], [0, 1, 6, 0, 0, 0, -1, 0, 0, 0, 0, 0.0, 0, 1, 0], [0, 0, 6, 0, 0, 0, -1, 0, 0, 0, 0, 0.0, 0, 0, 0], [0, 0, 6, 0, 0, 0, -1, 0, 0, 0, 0, 0.0, 0, 0, 0], [0, 0, 6, 0, 0, 0, -1, 0, 0, 0, 0, 0.0, 0, 0, 0], [0, 0, 6, 0, 0, 0, -1, 0, 0, 0, 0, 0.0, 0, 0, 0], [0, 0, 6, 0, 0, 0, -1, 0, 0, 0, 0, 0.0, 0, 0, 0], [0, 0, 6, 0, 0, 0, -1, 0, 0, 0, 0, 0.0, 0, 0, 0], [0, 0, 6, 0, 0, 0, -1, 0, 0, 0, 0, 0.0, 0, 0, 0], [0, 0, 6, 0, 0, 0, -1, 0, 0, 0, 0, 0.0, 0, 0, 0], [0, 1, 6, 0, 0, 0, -1, 0, 0, 0, 0, 0.0, 0, 0, 0], [0, 0, 6, 0, 0, 0, -1, 0, 0, 0, 0, 0.0, 0, 0, 0], [0, 0, 6, 0, 0, 0, -1, 0, 0, 0, 0, 0.0, 0, 0, 0], [0, 0, 6, 0, 0, 0, -1, 0, 0, 0, 0, 0.0, 0, 0, 0], [0, 0, 6, 0, 0, 0, -1, 0, 0, 0, 0, 0.0, 0, 0, 0], [0, 0, 6, 0, 0, 0, -1, 0, 0, 0, 0, 0.0, 0, 0, 0], [0, 0, 6, 0, 0, 0, -1, 0, 0, 0, 0, 0.0, 0, 0, 0], [0, 0, 6, 0, 0, 0, -1, 0, 0, 0, 0, 0.0, 0, 0, 0], [0, 0, 6, 0, 0, 0, -1, 0, 0, 0, 0, 0.0, 0, 0, 0], [0, 0, 6, 0, 0, 0, -1, 0, 0, 0, 0, 0.0, 0, 0, 0], [0, 1, 6, 0, 0, 0, -1, 0, 0, 0, 0, 0.0, 0, 0, 0], [0, 0, 6, 0, 0, 0, -1, 0, 0, 0, 0, 0.0, 0, 0, 0], [0, 0, 6, 0, 0, 0, -1, 0, 0, 0, 0, 0.0, 0, 0, 0], [0, 0, 1, 0, 0, 0, -1, 0, 0, 0, 0, 0.0, 0, 0, 0], [0, 0, 1, 0, 0, 0, -1, 0, 0, 0, 0, 0.0, 0, 0, 0], [0, 0, 1, 0, 0, 0, -1, 0, 0, 0, 0, 0.0, 0, 0, 0], [0, 0, 1, 1, 0, 1, 0, 0, 0, 0, 0, 0.0, 0, 0, 0], [0, 0, 1, 0, 0, 0, -1, 0, 0, 0, 0, 0.0, 0, 0, 0], [0, 0, 1, 1, 0, 1, 0, 0, 0, 0, 0, 0.0, 0, 0, 0], [0, 0, 1, 0, 0, 0, -1, 0, 0, 0, 0, 0.0, 0, 0, 0], [0, 0, 1, 1, 0, 1, 0, 0, 0, 0, 0, 0.0, 0, 0, 0], [0, 0, 2, 1, 0, 1, 0, 0, 0, 0, 0, 0.0, 0, 0, 0], [0, 0, 2, 0, 0, 0, -1, 0, 0, 0, 0, 0.0, 0, 0, 0], [0, 0, 2, 0, 0, 0, -1, 0, 0, 0, 0, 0.0, 0, 0, 0], [0, 0, 1, 0, 0, 0, -1, 0, 0, 0, 0, 0.0, 0, 0, 0], [0, 0, 1, 0, 0, 0, -1, 0, 0, 0, 0, 0.0, 0, 0, 0], [0, 0, 1, 0, 0, 1, 0, 0, 0, 0, 0, 1.0, 1, 0, 0], [0, 0, 1, 0, 0, 0, -1, 0, 0, 0, 0, 0.0, 0, 0, 0], [0, 0, 1, 0, 0, 0, -1, 0, 0, 0, 0, 0.0, 0, 0, 0], [0, 0, 1, 1, 0, 1, 0, 0, 0, 0, 0, 0.0, 0, 0, 0], [0, 0, 1, 1, 0, 1, 0, 0, 0, 0, 0, 0.0, 0, 0, 0], [0, 0, 1, 0, 0, 0, -1, 0, 0, 0, 0, 0.0, 0, 0, 0], [0, 0, 1, 0, 0, 0, -1, 0, 0, 0, 0, 0.0, 0, 0, 0], [0, 0, 1, 0, 0, 0, -1, 0, 0, 0, 0, 0.0, 0, 0, 0], [0, 0, 1, 0, 0, 0, -1, 0, 0, 0, 0, 0.0, 0, 0, 0], [0, 0, 1, 0, 0, 1, 0, 0, 0, 0, 0, 0.2222222222222222, 9, 0, 0], [0, 0, 1, 1, 0, 1, 0, 0, 0, 0, 0, 0.0, 0, 0, 0], [0, 0, 1, 0, 0, 0, -1, 0, 0, 0, 0, 0.0, 0, 0, 0], [0, 0, 1, 0, 0, 0, -1, 0, 0, 0, 0, 0.0, 0, 0, 0], [0, 0, 1, 0, 0, 0, -1, 0, 0, 0, 0, 0.0, 0, 0, 0], [0, 0, 2, 0, 0, 0, -1, 0, 0, 0, 0, 0.0, 0, 0, 0], [0, 0, 2, 0, 0, 0, -1, 0, 0, 0, 0, 0.0, 0, 0, 0], [0, 0, 2, 1, 0, 1, 0, 0, 0, 0, 0, 0.0, 0, 0, 0], [0, 0, 5, 0, 0, 0, -1, 0, 0, 0, 0, 0.0, 0, 0, 0], [0, 0, 5, 0, 0, 0, -1, 0, 0, 0, 0, 0.0, 0, 0, 0], [0, 0, 5, 0, 0, 0, -1, 0, 0, 0, 0, 0.0, 0, 0, 0], [0, 0, 5, 0, 0, 0, -1, 0, 0, 0, 0, 0.0, 0, 0, 0], [0, 0, 5, 0, 0, 0, -1, 0, 0, 0, 0, 0.0, 0, 0, 0], [0, 0, 5, 0, 0, 0, -1, 0, 0, 0, 0, 0.0, 0, 0, 0], [0, 0, 1, 0, 0, 1, 0, 0, 0, 0, 0, 0.25, 4, 0, 0], [0, 0, 1, 0, 0, 0, -1, 0, 0, 0, 0, 0.0, 0, 0, 0], [0, 0, 1, 1, 0, 1, 0, 0, 0, 0, 0, 0.0, 0, 0, 0], [0, 0, 1, 1, 0, 1, 0, 0, 0, 0, 0, 0.0, 0, 0, 0], [0, 0, 1, 0, 0, 0, -1, 0, 0, 0, 0, 0.0, 0, 0, 0], [0, 0, 1, 0, 0, 0, -1, 0, 0, 0, 0, 0.0, 0, 0, 0], [0, 0, 6, 0, 0, 0, -1, 0, 0, 0, 0, 0.0, 0, 0, 0], [0, 0, 6, 0, 0, 0, -1, 0, 0, 0, 0, 0.0, 0, 0, 0], [0, 0, 6, 0, 0, 0, -1, 0, 0, 0, 0, 0.0, 0, 0, 0], [0, 0, 6, 0, 0, 0, -1, 0, 0, 0, 0, 0.0, 0, 0, 0], [0, 0, 6, 0, 0, 0, -1, 0, 0, 0, 0, 0.0, 0, 0, 0], [0, 0, 6, 0, 0, 0, -1, 0, 0, 0, 0, 0.0, 0, 0, 0], [0, 0, 6, 0, 0, 0, -1, 0, 0, 0, 0, 0.0, 0, 0, 0], [0, 0, 6, 0, 0, 0, -1, 0, 0, 0, 0, 0.0, 0, 0, 0], [0, 0, 6, 0, 0, 0, -1, 0, 0, 0, 0, 0.0, 0, 0, 0], [0, 0, 6, 0, 0, 0, -1, 0, 0, 0, 0, 0.0, 0, 0, 0], [0, 0, 6, 0, 0, 0, -1, 0, 0, 0, 0, 0.0, 0, 0, 0], [0, 0, 6, 0, 0, 0, -1, 0, 0, 0, 0, 0.0, 0, 0, 0], [0, 0, 1, 0, 0, 0, -1, 0, 0, 0, 0, 0.0, 0, 1, 1], [0, 0, 1, 1, 0, 1, 0, 0, 0, 0, 0, 0.0, 0, 0, 0], [0, 0, 2, 0, 0, 0, -1, 0, 0, 0, 0, 0.0, 0, 0, 0], [0, 0, 2, 0, 0, 0, -1, 0, 0, 0, 0, 0.0, 0, 0, 0], [0, 0, 2, 0, 0, 0, -1, 0, 0, 0, 0, 0.0, 0, 0, 0], [0, 0, 1, 1, 0, 1, 0, 0, 0, 0, 0, 0.0, 0, 0, 0], [0, 0, 1, 0, 0, 0, -1, 0, 0, 0, 0, 0.0, 0, 0, 0], [0, 0, 1, 0, 0, 0, -1, 0, 0, 0, 0, 0.0, 0, 1, 0], [0, 0, 1, 1, 0, 1, 0, 0, 0, 0, 0, 0.0, 0, 0, 0], [0, 0, 1, 1, 0, 1, 0, 0, 0, 0, 0, 0.0, 0, 0, 0], [0, 0, 1, 0, 0, 0, -1, 0, 0, 0, 0, 0.0, 0, 0, 0], [0, 0, 1, 1, 0, 1, 0, 0, 0, 0, 0, 0.0, 0, 0, 0], [0, 0, 1, 0, 0, 0, -1, 0, 0, 0, 0, 0.0, 0, 0, 0], [0, 0, 6, 0, 0, 0, -1, 0, 0, 0, 0, 0.0, 0, 0, 0], [0, 0, 6, 0, 0, 0, -1, 0, 0, 0, 0, 0.0, 0, 0, 0], [0, 0, 6, 0, 0, 0, -1, 0, 0, 0, 0, 0.0, 0, 0, 0], [0, 0, 6, 0, 0, 0, -1, 0, 0, 0, 0, 0.0, 0, 0, 0], [0, 0, 6, 0, 0, 0, -1, 0, 0, 0, 0, 0.0, 0, 0, 0], [0, 0, 6, 0, 0, 0, -1, 0, 0, 0, 0, 0.0, 0, 0, 0], [0, 0, 6, 0, 0, 0, -1, 0, 0, 0, 0, 0.0, 0, 0, 0], [0, 0, 6, 0, 0, 0, -1, 0, 0, 0, 0, 0.0, 0, 0, 0], [0, 0, 1, 0, 0, 0, -1, 0, 0, 0, 0, 0.0, 0, 1, 0], [0, 0, 1, 1, 0, 1, 0, 0, 0, 0, 0, 0.0, 0, 0, 0], [0, 0, 1, 1, 0, 1, 0, 0, 0, 0, 0, 0.0, 0, 0, 0], [0, 0, 1, 0, 0, 0, -1, 0, 0, 0, 0, 0.0, 0, 0, 0], [0, 0, 1, 0, 0, 0, -1, 0, 0, 0, 0, 0.0, 0, 0, 0], [0, 0, 1, 0, 0, 0, -1, 0, 0, 0, 0, 0.0, 0, 0, 0], [0, 0, 3, 0, 0, 0, -1, 0, 0, 0, 0, 0.0, 0, 0, 0], [0, 0, 3, 0, 0, 0, -1, 0, 0, 0, 0, 0.0, 0, 0, 0], [0, 0, 3, 0, 0, 0, -1, 0, 0, 0, 0, 0.0, 0, 0, 0], [0, 0, 3, 0, 0, 0, -1, 0, 0, 0, 0, 0.0, 0, 0, 0]]}
{
  "overall": "NO_TASK",
  "gates": {
    "G_arc_enc_frozen": true,
    "G_ink_verified": true,
    "G_task_exists": false,
    "G_exact_algebra_matches_tape": true,
    "G_lookup_beats_floor": false,
    "G_lookup_beats_counts_paired": false,
    "G_lookup_beats_retrieval_paired": false,
    "G_phi_orders_negatives": false
  },
  "lookup": {},
  "paired": {
    "model_only_right": 0,
    "rival_only_right": 0,
    "discordant": 0,
    "mcnemar_z": NaN
  },
  "ladder": {
    "n_questions": 0,
    "pairs": 0,
    "concordant": 0,
    "ties_excluded": 0,
    "import_budget_zero_rate": 0.0,
    "import_budget_mean": 0.0,
    "concordance": NaN,
    "z_vs_half": NaN,
    "mean_phi": {
      "true": NaN,
      "near": NaN,
      "middle": NaN,
      "far": NaN
    }
  }
}
